subnum,trial,type,clicks,hits,clicktime,posx,posy,corr,id,rt,rt2
15,1P,1,2,1,9305,680,326,1,1,3973,3973
15,1P,1,3,1,15361,689,324,0,1,6056,6056
15,1P,1,5,2,37377,775,374,1,2,22016,28072
15,1P,1,6,3,38353,606,317,1,3,976,976
15,1P,1,7,4,38778,616,405,1,4,425,425
15,1,1,1,1,53954,585,562,1,1,5304,5304
15,1,1,2,2,57073,643,460,1,2,3119,3119
15,1,1,3,3,58529,682,396,1,3,1456,1456
15,1,1,4,4,59481,586,423,1,4,952,952
15,1,1,5,5,60361,529,413,1,5,880,880
15,1,1,6,6,61321,466,495,1,6,960,960
15,1,1,7,7,62409,370,495,1,7,1088,1088
15,1,1,8,8,63185,526,307,1,8,776,776
15,1,1,9,9,63946,370,311,1,9,761,761
15,1,1,10,10,64634,329,154,1,10,688,688
15,1,1,11,11,65401,550,151,1,11,767,767
15,1,1,12,12,66345,658,180,1,12,944,944
15,1,1,13,13,66922,700,277,1,13,577,577
15,1,1,14,14,67521,756,258,1,14,599,599
15,1,1,15,15,68401,962,157,1,15,880,880
15,1,1,16,16,68898,989,223,1,16,497,497
15,1,1,17,17,69489,933,268,1,17,591,591
15,1,1,18,18,70177,948,353,1,18,688,688
15,1,1,19,19,70954,908,386,1,19,777,777
15,1,1,20,20,72169,999,585,1,20,1215,1215
15,1,1,21,21,72970,809,608,1,21,801,801
15,1,1,22,22,73762,784,499,1,22,792,792
15,1,1,23,23,74786,797,373,1,23,1024,1024
15,1,1,24,24,76281,761,447,1,24,1495,1495
15,1,1,25,25,76962,748,553,1,25,681,681
15,1,1,26,26,77457,674,610,1,26,495,495
15,2P,2,1,1,80425,667,430,1,1,1749,1749
15,2P,2,2,2,81001,750,451,1,2,576,576
15,2P,2,3,3,82690,587,326,1,3,1689,1689
15,2P,2,4,4,84770,687,356,1,4,2080,2080
15,2,2,1,1,91265,780,566,1,1,3193,3193
15,2,2,2,2,92433,716,456,1,2,1168,1168
15,2,2,3,3,93369,696,399,1,3,936,936
15,2,2,4,4,94097,783,440,1,4,728,728
15,2,2,5,5,95858,846,425,1,5,1761,1761
15,2,2,6,6,96585,898,510,1,6,727,727
15,2,2,7,7,98666,994,512,1,7,2081,2081
15,2,2,8,8,99345,847,317,1,8,679,679
15,2,2,9,9,103337,967,310,1,9,3992,3992
15,2,2,10,10,104057,1032,139,1,10,720,720
15,2,2,11,11,106185,816,152,1,11,2128,2128
15,2,2,12,12,107001,701,174,1,12,816,816
15,2,2,13,13,110954,663,257,1,13,3953,3953
15,2,2,14,14,111890,609,260,1,14,936,936
15,2,2,15,15,113065,411,154,1,15,1175,1175
15,2,2,16,16,113674,368,224,1,16,609,609
15,2,2,17,17,114433,425,290,1,17,759,759
15,2,2,18,18,115169,414,352,1,18,736,736
15,2,2,19,19,116489,450,417,1,19,1320,1320
15,2,2,20,20,117481,364,580,1,20,992,992
15,2,2,21,21,119794,551,603,1,21,2313,2313
15,2,2,22,22,120409,584,508,1,22,615,615
15,2,2,23,23,122946,570,386,1,23,2537,2537
15,2,2,24,24,123569,616,451,1,24,623,623
15,2,2,25,25,125561,620,550,1,25,1992,1992
15,2,2,26,26,126417,703,626,1,26,856,856
15,3P,1,1,1,129794,741,281,1,1,2046,2046
15,3P,1,2,2,130914,742,345,1,2,1120,1120
15,3P,1,3,3,131626,626,410,1,3,712,712
15,3P,1,4,4,132113,665,310,1,4,487,487
15,3,1,1,1,137241,859,614,1,1,1737,1737
15,3,1,2,2,138185,793,561,1,2,944,944
15,3,1,3,3,139081,692,582,1,3,896,896
15,3,1,4,4,139898,607,583,1,4,817,817
15,3,1,5,5,140569,538,596,1,5,671,671
15,3,1,6,6,142233,583,453,1,6,1664,1664
15,3,1,7,7,142906,534,451,1,7,673,673
15,3,1,8,8,143473,475,496,1,8,567,567
15,3,1,9,9,144073,357,543,1,9,600,600
15,3,1,10,10,144778,472,393,1,10,705,705
15,3,1,11,11,145489,424,359,1,11,711,711
15,3,1,12,12,146041,412,229,1,12,552,552
15,3,1,13,13,146722,367,150,1,13,681,681
15,3,1,14,14,147818,624,262,1,14,1096,1096
15,3,1,15,15,148457,649,347,1,15,639,639
15,3,1,16,16,149137,716,323,1,16,680,680
15,3,1,17,17,151970,773,435,1,17,2833,2833
15,3,1,18,18,152577,784,338,1,18,607,607
15,3,1,19,19,153585,770,250,1,19,1008,1008
15,3,1,20,20,154297,775,155,1,20,712,712
15,3,1,21,21,154898,844,140,1,21,601,601
15,3,1,22,22,155778,836,242,1,22,880,880
15,3,1,23,23,156545,917,369,1,23,767,767
15,3,1,24,24,157281,986,433,1,24,736,736
15,3,1,25,25,158826,1025,598,1,25,1545,1545
15,3,1,26,26,159457,870,536,1,26,631,631
15,4P,2,1,1,161177,629,445,1,1,1062,1062
15,4P,2,2,2,162738,741,389,1,2,1561,1561
15,4P,2,3,2,164041,757,331,0,4,1303,1303
15,4P,2,4,3,165225,683,351,1,3,1184,2487
15,4P,2,5,3,168265,680,358,0,3,3040,3040
15,4P,2,6,4,169025,757,352,1,4,760,3800
15,4,2,1,1,175337,514,626,1,1,1568,1568
15,4,2,2,2,176201,588,558,1,2,864,864
15,4,2,3,3,179666,679,579,1,3,3465,3465
15,4,2,4,4,181561,770,589,1,4,1895,1895
15,4,2,5,5,182610,816,593,1,5,1049,1049
15,4,2,6,6,188273,773,445,1,6,5663,5663
15,4,2,7,7,190105,832,451,1,7,1832,1832
15,4,2,8,8,190724,884,525,1,8,619,619
15,4,2,9,9,194610,1012,546,1,9,3886,3886
15,4,2,10,10,196329,896,386,1,10,1719,1719
15,4,2,11,11,196986,933,357,1,11,657,657
15,4,2,12,12,197714,963,208,1,12,728,728
15,4,2,13,13,198682,1011,157,1,13,968,968
15,4,2,14,14,199722,749,238,1,14,1040,1040
15,4,2,15,15,200433,726,347,1,15,711,711
15,4,2,16,16,201201,654,328,1,16,768,768
15,4,2,17,17,203153,594,455,1,17,1952,1952
15,4,2,18,18,203874,575,342,1,18,721,721
15,4,2,19,19,205081,594,243,1,19,1207,1207
15,4,2,20,20,205730,590,159,1,20,649,649
15,4,2,21,21,207137,533,151,1,21,1407,1407
15,4,2,22,22,207826,533,222,1,22,689,689
15,4,2,23,23,209393,448,363,1,23,1567,1567
15,4,2,24,24,210337,361,444,1,24,944,944
15,4,2,25,25,212770,336,588,1,25,2433,2433
15,4,2,26,26,213353,502,540,1,26,583,583
15,5P,1,1,1,217265,797,433,1,1,2331,2331
15,5P,1,2,2,219545,586,295,1,2,2280,2280
15,5P,1,3,3,224049,660,438,1,3,4504,4504
15,5P,1,4,4,224561,742,400,1,4,512,512
15,5,1,1,1,231113,694,203,1,1,1882,1882
15,5,1,2,2,231946,766,264,1,2,833,833
15,5,1,3,3,233033,926,339,1,3,1087,1087
15,5,1,4,4,233882,968,174,1,4,849,849
15,5,1,5,5,234457,1005,234,1,5,575,575
15,5,1,6,6,234994,1005,296,1,6,537,537
15,5,1,7,7,235738,1004,389,1,7,744,744
15,5,1,8,8,236545,963,459,1,8,807,807
15,5,1,9,9,237577,849,622,1,9,1032,1032
15,5,1,10,10,238145,816,572,1,10,568,568
15,5,1,11,11,238890,679,469,1,11,745,745
15,5,1,12,12,239642,644,621,1,12,752,752
15,5,1,13,13,240513,503,598,1,13,871,871
15,5,1,14,14,241161,411,587,1,14,648,648
15,5,1,15,15,241754,385,522,1,15,593,593
15,5,1,16,15,242497,461,490,0,17,743,743
15,5,1,17,16,245073,349,441,1,16,2576,3319
15,5,1,18,17,247890,451,492,1,17,2817,2817
15,5,1,19,18,248561,437,424,1,18,671,671
15,5,1,20,19,250113,453,370,1,19,1552,1552
15,5,1,21,20,251770,397,341,1,20,1657,1657
15,5,1,22,21,255393,359,214,1,21,3623,3623
15,5,1,23,22,257097,456,260,1,22,1704,1704
15,5,1,24,23,258041,491,184,1,23,944,944
15,5,1,25,24,258858,588,187,1,24,817,817
15,5,1,26,25,259529,538,356,1,25,671,671
15,5,1,27,26,260121,636,364,1,26,592,592
15,6P,2,1,1,262033,669,446,1,1,1277,1277
15,6P,2,2,1,262850,616,331,0,4,817,817
15,6P,2,3,2,265890,665,307,1,2,3040,3857
15,6P,2,4,3,268185,737,355,1,3,2295,2295
15,6P,2,5,4,268810,617,351,1,4,625,625
15,6,2,1,1,274185,464,216,1,1,1697,1697
15,6,2,2,2,275081,385,171,1,2,896,896
15,6,2,3,3,276714,367,247,1,3,1633,1633
15,6,2,4,4,277377,436,289,1,4,663,663
15,6,2,5,5,283842,485,475,1,5,6465,6465
15,6,2,6,6,285706,432,623,1,6,1864,1864
15,6,2,7,7,287642,533,503,1,7,1936,1936
15,6,2,8,8,288489,662,362,1,8,847,847
15,6,2,9,9,291898,790,401,1,9,3409,3409
15,6,2,10,10,292994,704,489,1,10,1096,1096
15,6,2,11,11,294529,789,546,1,11,1535,1535
15,6,2,12,12,295289,861,538,1,12,760,760
15,6,2,13,13,296922,904,601,1,13,1633,1633
15,6,2,14,14,297762,988,579,1,14,840,840
15,6,2,15,15,301401,1026,338,1,15,3639,3639
15,6,2,16,16,302497,953,353,1,16,1096,1096
15,6,2,17,17,304177,982,281,1,17,1680,1680
15,6,2,18,18,305057,919,220,1,18,880,880
15,6,2,19,19,307409,840,182,1,19,2352,2352
15,6,2,20,20,308674,683,145,1,20,1265,1265
15,6,2,21,21,315842,710,235,1,21,7168,7168
15,6,2,22,22,316513,738,291,1,22,671,671
15,6,2,23,23,320730,683,292,1,23,4217,4217
15,6,2,24,24,322618,619,251,1,24,1888,1888
15,6,2,25,25,325153,528,242,1,25,2535,2535
15,6,2,26,26,326161,523,146,1,26,1008,1008
15,7P,1,1,1,328537,635,428,1,1,1310,1310
15,7P,1,2,2,329434,713,380,1,2,897,897
15,7P,1,3,3,330089,728,443,1,3,655,655
15,7P,1,4,4,330626,704,293,1,4,537,537
15,7,1,1,1,334986,931,210,1,1,1233,1233
15,7,1,2,2,335594,972,173,1,2,608,608
15,7,1,3,3,336257,1002,235,1,3,663,663
15,7,1,4,4,336802,934,286,1,4,545,545
15,7,1,5,5,337994,876,486,1,5,1192,1192
15,7,1,6,6,338778,932,623,1,6,784,784
15,7,1,7,7,339577,819,489,1,7,799,799
15,7,1,8,8,340321,711,360,1,8,744,744
15,7,1,9,9,341001,579,409,1,9,680,680
15,7,1,10,10,341746,688,501,1,10,745,745
15,7,1,11,11,342433,576,544,1,11,687,687
15,7,1,12,12,343033,499,548,1,12,600,600
15,7,1,13,13,343906,447,609,1,13,873,873
15,7,1,14,14,344465,378,589,1,14,559,559
15,7,1,15,15,345842,337,334,1,15,1377,1377
15,7,1,16,16,346794,422,340,1,16,952,952
15,7,1,17,17,347313,392,294,1,17,519,519
15,7,1,18,18,347946,447,218,1,18,633,633
15,7,1,19,19,348457,527,183,1,19,511,511
15,7,1,20,20,349081,666,144,1,20,624,624
15,7,1,21,21,349794,662,233,1,21,713,713
15,7,1,22,22,350449,627,302,1,22,655,655
15,7,1,23,23,351041,698,298,1,23,592,592
15,7,1,24,24,351585,762,249,1,24,544,544
15,7,1,25,25,352185,845,234,1,25,600,600
15,7,1,26,26,352618,843,146,1,26,433,433
15,8P,2,1,1,355001,614,455,1,1,1518,1518
15,8P,2,3,2,356081,767,398,1,2,1080,1080
15,8P,2,4,3,357569,686,357,1,3,1488,1488
15,8P,2,5,4,358217,724,478,1,4,648,648
15,8,2,1,1,361722,555,440,1,1,1129,1129
15,8,2,2,2,362241,630,421,1,2,519,519
15,8,2,3,3,366842,724,294,1,3,4601,4601
15,8,2,4,4,367489,739,364,1,4,647,647
15,8,2,5,5,369577,797,412,1,5,2088,2088
15,8,2,6,6,370081,841,387,1,6,504,504
15,8,2,7,7,371105,869,326,1,7,1024,1024
15,8,2,8,8,371658,841,304,1,8,553,553
15,8,2,9,9,373594,939,267,1,9,1936,1936
15,8,2,10,10,374153,936,352,1,10,559,559
15,8,2,11,11,376201,930,516,1,11,2048,2048
15,8,2,12,12,376842,877,578,1,12,641,641
15,8,2,13,13,389377,817,494,1,13,12535,12535
15,8,2,14,14,390025,786,591,1,14,648,648
15,8,2,15,15,391033,667,569,1,15,1008,1008
15,8,2,16,16,391754,527,629,1,16,721,721
15,8,2,17,17,392858,459,607,1,17,1104,1104
15,8,2,18,18,393377,472,526,1,18,519,519
15,8,2,19,19,394305,317,510,1,19,928,928
15,8,2,20,20,395049,373,400,1,20,744,744
15,8,2,21,21,398353,345,236,1,21,3304,3304
15,8,2,22,22,398994,418,220,1,22,641,641
15,8,2,23,23,401553,422,309,1,23,2559,2559
15,8,2,24,24,402401,454,403,1,24,848,848
15,8,2,25,25,403545,537,354,1,25,1144,1144
15,8,2,26,26,403994,572,305,1,26,449,449
15,9P,1,1,1,406153,750,440,1,1,1038,1038
15,9P,1,2,2,406674,765,377,1,2,521,521
15,9P,1,3,3,407409,651,418,1,3,735,735
15,9P,1,4,4,408409,631,482,1,4,1000,1000
15,9,1,1,1,411674,800,447,1,1,1194,1194
15,9,1,2,2,412441,734,442,1,2,767,767
15,9,1,3,3,413594,644,297,1,3,1153,1153
15,9,1,4,4,414137,631,359,1,4,543,543
15,9,1,5,5,414874,566,410,1,5,737,737
15,9,1,6,6,416273,502,390,1,6,1399,1399
15,9,1,7,7,417417,491,328,1,7,1144,1144
15,9,1,8,8,418073,532,304,1,8,656,656
15,9,1,9,9,418698,415,288,1,9,625,625
15,9,1,10,10,419193,422,342,1,10,495,495
15,9,1,11,11,420449,444,523,1,11,1256,1256
15,9,1,12,12,421201,490,581,1,12,752,752
15,9,1,13,13,421802,555,479,1,13,601,601
15,9,1,14,14,422553,576,587,1,14,751,751
15,9,1,15,15,423569,703,562,1,15,1016,1016
15,9,1,17,16,424986,814,628,1,16,1417,1417
15,9,1,18,17,425858,918,602,1,17,872,872
15,9,1,19,18,426313,891,526,1,18,455,455
15,9,1,20,19,426922,1043,500,1,19,609,609
15,9,1,21,20,429105,987,403,1,20,2183,2183
15,9,1,22,21,430249,1012,223,1,21,1144,1144
15,9,1,23,22,431634,934,209,1,22,1385,1385
15,9,1,24,23,433329,951,307,1,23,1695,1695
15,9,1,25,24,434658,903,405,1,24,1329,1329
15,9,1,26,25,435658,834,352,1,25,1000,1000
15,9,1,27,26,436081,804,300,1,26,423,423
15,10P,2,1,1,445449,668,405,1,1,8334,8334
15,10P,2,2,2,446754,595,444,1,2,1305,1305
15,10P,2,3,3,448329,602,368,1,3,1575,1575
15,10P,2,4,4,449690,776,427,1,4,1361,1361
15,10,2,1,1,452738,669,198,1,1,1073,1073
15,10,2,2,2,453626,584,262,1,2,888,888
15,10,2,3,3,458730,452,341,1,3,5104,5104
15,10,2,4,4,459650,387,175,1,4,920,920
15,10,2,5,5,460329,355,236,1,5,679,679
15,10,2,6,6,460922,357,310,1,6,593,593
15,10,2,7,7,462513,355,395,1,7,1591,1591
15,10,2,8,8,463145,400,469,1,8,632,632
15,10,2,9,9,465658,495,628,1,9,2513,2513
15,10,2,10,10,466465,555,562,1,10,807,807
15,10,2,11,11,467650,675,475,1,11,1185,1185
15,10,2,12,12,468329,717,628,1,12,679,679
15,10,2,13,13,469225,871,583,1,13,896,896
15,10,2,14,14,469826,951,583,1,14,601,601
15,10,2,15,15,472113,987,529,1,15,2287,2287
15,10,2,16,16,472602,1022,427,1,16,489,489
15,10,2,17,17,476137,917,490,1,17,3535,3535
15,10,2,18,18,476602,929,424,1,18,465,465
15,10,2,19,19,477585,915,366,1,19,983,983
15,10,2,20,20,478145,964,336,1,20,560,560
15,10,2,21,21,480906,995,214,1,21,2761,2761
15,10,2,22,22,481329,909,251,1,22,423,423
15,10,2,23,23,483289,876,194,1,23,1960,1960
15,10,2,24,24,483850,787,201,1,24,561,561
15,10,2,25,25,484834,821,346,1,25,984,984
15,10,2,26,26,485209,748,380,1,26,375,375
