subnum,trial,type,clicks,hits,clicktime,posx,posy,corr,id,rt,rt2
14,1P,1,1,1,107763,751,354,1,1,6307,6307
14,1P,1,2,2,109228,605,352,1,2,1465,1465
14,1P,1,3,3,110084,674,444,1,3,856,856
14,1P,1,4,4,110660,677,310,1,4,576,576
14,1,1,1,1,130556,531,592,1,1,2570,2570
14,1,1,2,2,131475,329,458,1,2,919,919
14,1,1,4,3,134276,364,409,1,3,2801,2801
14,1,1,5,4,134843,442,399,1,4,567,567
14,1,1,6,5,137020,574,449,1,5,2177,2177
14,1,1,7,6,137603,599,396,1,6,583,583
14,1,1,8,7,138316,624,298,1,7,713,713
14,1,1,9,8,138875,505,272,1,8,559,559
14,1,1,10,9,139372,423,226,1,9,497,497
14,1,1,11,10,139972,564,183,1,10,600,600
14,1,1,12,11,140403,599,148,1,11,431,431
14,1,1,13,12,140924,686,151,1,12,521,521
14,1,1,14,13,141483,766,200,1,13,559,559
14,1,1,15,14,142331,889,205,1,14,848,848
14,1,1,16,15,142700,873,265,1,15,369,369
14,1,1,17,16,143211,918,267,1,16,511,511
14,1,1,18,17,143883,1037,291,1,17,672,672
14,1,1,19,18,144436,900,327,1,18,553,553
14,1,1,21,19,145147,807,336,1,19,711,711
14,1,1,22,19,145715,748,404,0,21,568,568
14,1,1,23,20,146131,716,403,1,20,416,984
14,1,1,24,21,147587,768,401,1,21,1456,1456
14,1,1,25,22,148363,924,447,1,22,776,776
14,1,1,26,23,148836,932,511,1,23,473,473
14,1,1,27,24,149523,724,522,1,24,687,687
14,1,1,28,25,149956,665,609,1,25,433,433
14,1,1,29,26,150403,611,543,1,26,447,447
14,2P,2,1,1,157387,599,365,1,1,1662,1662
14,2P,2,3,2,158579,747,409,1,2,1192,1192
14,2P,2,4,3,159084,642,468,1,3,505,505
14,2P,2,5,4,159435,710,478,1,4,351,351
14,2,2,1,1,165835,1025,277,1,1,1301,1301
14,2,2,2,2,166475,937,347,1,2,640,640
14,2,2,3,3,167091,990,434,1,3,616,616
14,2,2,4,4,167803,1039,589,1,4,712,712
14,2,2,5,5,168379,909,535,1,5,576,576
14,2,2,6,6,169028,825,438,1,6,649,649
14,2,2,7,7,170203,767,576,1,7,1175,1175
14,2,2,8,8,170819,706,579,1,8,616,616
14,2,2,9,9,172475,551,567,1,9,1656,1656
14,2,2,10,10,173179,648,472,1,10,704,704
14,2,2,11,11,174843,624,427,1,11,1664,1664
14,2,2,12,12,175731,711,370,1,12,888,888
14,2,2,13,13,176955,588,362,1,13,1224,1224
14,2,2,14,14,178803,520,281,1,14,1848,1848
14,2,2,15,15,180291,422,167,1,15,1488,1488
14,2,2,16,16,181219,395,226,1,16,928,928
14,2,2,17,17,182692,364,405,1,17,1473,1473
14,2,2,18,18,183355,368,452,1,18,663,663
14,2,2,19,19,184363,350,515,1,19,1008,1008
14,2,2,20,20,185211,322,584,1,20,848,848
14,2,2,21,21,186635,448,438,1,21,1424,1424
14,2,2,22,22,187243,606,245,1,22,608,608
14,2,2,23,23,189891,634,129,1,23,2648,2648
14,2,2,24,24,190731,672,185,1,24,840,840
14,2,2,25,25,191932,750,251,1,25,1201,1201
14,2,2,26,26,192867,827,174,1,26,935,935
14,3P,1,1,1,196916,738,289,1,1,1334,1334
14,3P,1,2,2,197515,749,480,1,2,599,599
14,3P,1,3,3,198099,630,447,1,3,584,584
14,3P,1,4,4,198571,579,311,1,4,472,472
14,3,1,1,0,203107,404,348,0,2,1881,1881
14,3,1,2,0,203579,417,352,0,2,472,2353
14,3,1,3,1,204323,324,282,1,1,744,3097
14,3,1,4,2,204859,419,342,1,2,536,536
14,3,1,5,3,205459,375,436,1,3,600,600
14,3,1,6,4,206443,329,579,1,4,984,984
14,3,1,7,5,207187,464,542,1,5,744,744
14,3,1,8,6,207691,531,435,1,6,504,504
14,3,1,9,7,208331,603,577,1,7,640,640
14,3,1,10,8,208835,660,588,1,8,504,504
14,3,1,11,9,209587,794,572,1,9,752,752
14,3,1,12,10,210387,713,470,1,10,800,800
14,3,1,13,11,210899,728,428,1,11,512,512
14,3,1,14,12,211483,650,382,1,12,584,584
14,3,1,15,13,212299,781,364,1,13,816,816
14,3,1,16,14,212995,844,286,1,14,696,696
14,3,1,17,15,213771,948,173,1,15,776,776
14,3,1,18,16,214283,980,241,1,16,512,512
14,3,1,19,17,215163,1011,401,1,17,880,880
14,3,1,20,18,215715,991,466,1,18,552,552
14,3,1,21,19,216267,1025,518,1,19,552,552
14,3,1,22,20,216755,1023,594,1,20,488,488
14,3,1,23,21,217507,917,442,1,21,752,752
14,3,1,24,22,218235,757,247,1,22,728,728
14,3,1,25,23,218987,713,128,1,23,752,752
14,3,1,26,24,219539,692,189,1,24,552,552
14,3,1,27,25,220155,628,249,1,25,616,616
14,3,1,28,26,220627,535,155,1,26,472,472
14,4P,2,1,1,223899,696,397,1,1,1659,1659
14,4P,2,2,2,224515,574,306,1,2,616,616
14,4P,2,3,3,225411,768,478,1,3,896,896
14,4P,2,4,4,226219,677,332,1,4,808,808
14,4,2,1,1,228387,617,604,1,1,1493,1493
14,4,2,2,2,229827,560,485,1,2,1440,1440
14,4,2,3,3,230315,597,431,1,3,488,488
14,4,2,4,4,230827,592,352,1,4,512,512
14,4,2,5,5,232371,517,469,1,5,1544,1544
14,4,2,6,6,233403,467,595,1,6,1032,1032
14,4,2,7,7,234027,376,469,1,7,624,624
14,4,2,8,8,234635,435,418,1,8,608,608
14,4,2,9,9,235243,394,297,1,9,608,608
14,4,2,10,10,236139,561,153,1,10,896,896
14,4,2,11,11,236643,615,162,1,11,504,504
14,4,2,12,12,237555,698,150,1,12,912,912
14,4,2,13,13,238227,769,178,1,13,672,672
14,4,2,14,14,238915,836,143,1,14,688,688
14,4,2,15,15,239867,903,271,1,15,952,952
14,4,2,16,16,240659,995,365,1,16,792,792
14,4,2,17,17,241387,956,437,1,17,728,728
14,4,2,18,18,242291,994,530,1,18,904,904
14,4,2,19,19,242979,878,527,1,19,688,688
14,4,2,20,20,243787,781,500,1,20,808,808
14,4,2,21,21,244875,827,459,1,21,1088,1088
14,4,2,22,22,245531,822,370,1,22,656,656
14,4,2,23,23,246363,735,337,1,23,832,832
14,4,2,24,24,247099,690,447,1,24,736,736
14,4,2,25,25,247883,678,530,1,25,784,784
14,4,2,26,26,248435,720,585,1,26,552,552
14,5P,1,1,1,251411,708,451,1,1,1374,1374
14,5P,1,2,2,252155,774,434,1,2,744,744
14,5P,1,3,3,252819,624,446,1,3,664,664
14,5P,1,4,4,253307,626,336,1,4,488,488
14,5,1,1,1,261779,1015,590,1,1,1210,1210
14,5,1,2,2,262411,986,547,1,2,632,632
14,5,1,3,3,262851,921,534,1,3,440,440
14,5,1,4,4,263315,880,486,1,4,464,464
14,5,1,5,5,263795,856,561,1,5,480,480
14,5,1,6,6,264427,722,523,1,6,632,632
14,5,1,7,7,264875,664,465,1,7,448,448
14,5,1,8,8,265651,608,591,1,8,776,776
14,5,1,9,9,266171,521,605,1,9,520,520
14,5,1,10,10,266819,556,524,1,10,648,648
14,5,1,11,11,267595,561,400,1,11,776,776
14,5,1,12,12,268219,527,359,1,12,624,624
14,5,1,13,13,268931,429,387,1,13,712,712
14,5,1,14,14,269651,372,494,1,14,720,720
14,5,1,15,15,270323,393,298,1,15,672,672
14,5,1,16,16,270883,378,223,1,16,560,560
14,5,1,17,17,272779,443,192,1,17,1896,1896
14,5,1,18,18,273211,457,256,1,18,432,432
14,5,1,19,19,273587,502,221,1,19,376,376
14,5,1,20,20,274291,590,178,1,20,704,704
14,5,1,21,21,275155,677,276,1,21,864,864
14,5,1,22,22,276107,864,169,1,22,952,952
14,5,1,23,23,276883,813,360,1,23,776,776
14,5,1,24,24,277411,884,391,1,24,528,528
14,5,1,25,24,277963,1011,476,0,26,552,552
14,5,1,26,25,279515,1017,314,1,25,1552,2104
14,5,1,27,26,280235,1014,489,1,26,720,720
14,6P,2,1,1,281963,747,431,1,1,1054,1054
14,6P,2,2,2,282619,612,448,1,2,656,656
14,6P,2,3,3,283195,782,334,1,3,576,576
14,6P,2,4,4,283643,697,352,1,4,448,448
14,6,2,1,1,287883,329,583,1,1,1051,1051
14,6,2,2,2,288571,365,547,1,2,688,688
14,6,2,3,3,289411,443,529,1,3,840,840
14,6,2,4,4,290011,485,467,1,4,600,600
14,6,2,5,5,290923,516,548,1,5,912,912
14,6,2,6,6,291571,660,510,1,6,648,648
14,6,2,7,7,292003,691,464,1,7,432,432
14,6,2,8,8,292627,748,594,1,8,624,624
14,6,2,9,9,294395,857,612,1,9,1768,1768
14,6,2,10,10,294819,796,533,1,10,424,424
14,6,2,11,11,295843,803,403,1,11,1024,1024
14,6,2,12,12,296202,841,366,1,12,359,359
14,6,2,13,13,297122,937,388,1,13,920,920
14,6,2,14,14,297971,1002,515,1,14,849,849
14,6,2,15,15,298954,976,310,1,15,983,983
14,6,2,16,16,299379,989,246,1,16,425,425
14,6,2,17,17,299986,934,206,1,17,607,607
14,6,2,18,18,300386,915,257,1,18,400,400
14,6,2,19,19,301154,878,225,1,19,768,768
14,6,2,20,20,301826,750,192,1,20,672,672
14,6,2,21,21,302827,700,281,1,21,1001,1001
14,6,2,22,22,303683,499,177,1,22,856,856
14,6,2,23,23,304691,558,365,1,23,1008,1008
14,6,2,24,24,305266,489,391,1,24,575,575
14,6,2,25,25,306347,330,302,1,25,1081,1081
14,6,2,26,26,307091,358,475,1,26,744,744
14,7P,1,1,1,308930,741,330,1,1,1084,1084
14,7P,1,2,2,309578,607,422,1,2,648,648
14,7P,1,3,3,310146,718,436,1,3,568,568
14,7P,1,4,4,310595,730,375,1,4,449,449
14,7,1,1,1,314627,757,602,1,1,1251,1251
14,7,1,2,2,315354,803,486,1,2,727,727
14,7,1,3,3,315859,761,431,1,3,505,505
14,7,1,4,4,316786,775,357,1,4,927,927
14,7,1,5,5,317483,861,476,1,5,697,697
14,7,1,6,6,318066,903,590,1,6,583,583
14,7,1,7,7,318762,989,463,1,7,696,696
14,7,1,8,8,319346,912,429,1,8,584,584
14,7,1,9,9,320275,995,289,1,9,929,929
14,7,1,10,10,321026,810,190,1,10,751,751
14,7,1,11,11,321474,766,171,1,11,448,448
14,7,1,12,12,321930,674,157,1,12,456,456
14,7,1,13,13,322402,590,185,1,13,472,472
14,7,1,14,14,322930,524,154,1,14,528,528
14,7,1,15,15,323826,441,273,1,15,896,896
14,7,1,16,16,324706,365,371,1,16,880,880
14,7,1,17,17,325322,409,427,1,17,616,616
14,7,1,18,18,326035,361,527,1,18,713,713
14,7,1,19,19,326730,500,525,1,19,695,695
14,7,1,20,20,327226,582,489,1,20,496,496
14,7,1,21,21,327626,528,442,1,21,400,400
14,7,1,22,22,328210,533,368,1,22,584,584
14,7,1,23,23,328882,637,334,1,23,672,672
14,7,1,24,24,329466,662,454,1,24,584,584
14,7,1,25,25,330234,702,526,1,25,768,768
14,7,1,26,26,330874,642,590,1,26,640,640
14,8P,2,1,1,334578,608,400,1,1,1230,1230
14,8P,2,2,2,335082,579,279,1,2,504,504
14,8P,2,3,3,336522,767,393,1,3,1440,1440
14,8P,2,4,4,336842,715,385,1,4,320,320
14,8,2,1,1,338642,823,604,1,1,1231,1231
14,8,2,2,2,339450,1027,473,1,2,808,808
14,8,2,3,3,340170,1002,414,1,3,720,720
14,8,2,4,4,340922,903,393,1,4,752,752
14,8,2,6,5,341898,785,446,1,5,976,976
14,8,2,7,6,342402,767,392,1,6,504,504
14,8,2,8,7,346098,735,285,1,7,3696,3696
14,8,2,9,8,346795,879,259,1,8,697,697
14,8,2,10,9,347466,942,215,1,9,671,671
14,8,2,11,10,348266,796,182,1,10,800,800
14,8,2,12,11,349082,751,136,1,11,816,816
14,8,2,13,12,349530,664,156,1,12,448,448
14,8,2,14,12,350162,481,205,0,14,632,632
14,8,2,15,13,351818,596,206,1,13,1656,2288
14,8,2,16,14,352362,483,211,1,14,544,544
14,8,2,17,15,353674,500,265,1,15,1312,1312
14,8,2,18,16,354138,438,269,1,16,464,464
14,8,2,19,17,354882,347,290,1,17,744,744
14,8,2,20,18,355498,487,326,1,18,616,616
14,8,2,21,19,356186,556,329,1,19,688,688
14,8,2,22,20,356930,662,395,1,20,744,744
14,8,2,23,21,357746,599,397,1,21,816,816
14,8,2,24,22,358418,440,428,1,22,672,672
14,8,2,25,23,358946,429,519,1,23,528,528
14,8,2,26,24,359690,638,522,1,24,744,744
14,8,2,27,25,360370,705,607,1,25,680,680
14,8,2,28,26,360802,770,536,1,26,432,432
14,9P,1,1,1,362586,695,476,1,1,1054,1054
14,9P,1,2,2,363074,632,344,1,2,488,488
14,9P,1,3,3,363738,718,370,1,3,664,664
14,9P,1,4,4,364338,612,456,1,4,600,600
14,9,1,1,1,368250,334,477,1,1,1116,1116
14,9,1,2,2,368818,455,464,1,2,568,568
14,9,1,4,3,370554,586,486,1,3,1736,1736
14,9,1,6,4,371426,613,437,1,4,872,872
14,9,1,7,5,372146,607,326,1,5,720,720
14,9,1,8,6,372754,670,405,1,6,608,608
14,9,1,9,7,373698,672,493,1,7,944,944
14,9,1,10,8,374162,649,556,1,8,464,464
14,9,1,11,9,374554,660,614,1,9,392,392
14,9,1,13,10,375522,772,512,1,10,968,968
14,9,1,14,11,376194,940,558,1,11,672,672
14,9,1,15,12,376682,1018,540,1,12,488,488
14,9,1,16,13,377338,928,433,1,13,656,656
14,9,1,17,14,378266,1007,308,1,14,928,928
14,9,1,18,15,378682,922,320,1,15,416,416
14,9,1,19,16,379099,861,340,1,16,417,417
14,9,1,20,17,379730,743,349,1,17,631,631
14,9,1,21,18,380210,692,290,1,18,480,480
14,9,1,22,19,380682,732,228,1,19,472,472
14,9,1,23,20,381194,806,160,1,20,512,512
14,9,1,24,21,382042,591,194,1,21,848,848
14,9,1,25,22,382690,536,175,1,22,648,648
14,9,1,26,23,383210,431,175,1,23,520,520
14,9,1,27,24,383882,452,236,1,24,672,672
14,9,1,28,24,384538,375,335,0,26,656,656
14,9,1,29,25,385218,442,340,1,25,680,1336
14,9,1,30,26,385586,386,342,1,26,368,368
14,10P,2,1,1,388090,689,429,1,1,749,749
14,10P,2,2,1,388546,620,400,0,3,456,456
14,10P,2,3,2,390754,680,301,1,2,2208,2664
14,10P,2,4,3,391442,641,409,1,3,688,688
14,10P,2,5,4,392266,767,312,1,4,824,824
14,10,2,1,1,396506,1033,474,1,1,1179,1179
14,10,2,2,2,397338,899,463,1,2,832,832
14,10,2,3,3,398066,774,489,1,3,728,728
14,10,2,4,4,398618,742,445,1,4,552,552
14,10,2,5,5,399322,763,345,1,5,704,704
14,10,2,6,6,399986,696,412,1,6,664,664
14,10,2,7,7,400746,690,499,1,7,760,760
14,10,2,8,8,401306,730,566,1,8,560,560
14,10,2,9,9,402290,708,622,1,9,984,984
14,10,2,10,10,402882,585,517,1,10,592,592
14,10,2,11,11,404706,428,563,1,11,1824,1824
14,10,2,12,12,406538,351,537,1,12,1832,1832
14,10,2,13,13,407314,412,429,1,13,776,776
14,10,2,14,13,408066,503,345,0,16,752,752
14,10,2,15,14,410146,377,312,1,14,2080,2832
14,10,2,16,15,411074,424,314,1,15,928,928
14,10,2,17,15,411874,427,328,0,15,800,800
14,10,2,18,16,412874,496,342,1,16,1000,1800
14,10,2,19,17,413818,609,349,1,17,944,944
14,10,2,20,18,414570,691,281,1,18,752,752
14,10,2,21,19,417250,616,204,1,19,2680,2680
14,10,2,22,20,417914,539,155,1,20,664,664
14,10,2,23,21,418650,796,192,1,21,736,736
14,10,2,24,22,419050,849,181,1,22,400,400
14,10,2,25,23,419642,948,160,1,23,592,592
14,10,2,26,24,420226,924,236,1,24,584,584
14,10,2,27,25,422002,943,340,1,25,1776,1776
14,10,2,28,26,422474,980,337,1,26,472,472
