subnum,trial,type,clicks,hits,clicktime,posx,posy,corr,id,rt,rt2
202427,1P,1,1,1,98480,632,385,1,1,1345,1345
202427,1P,1,2,2,99311,647,285,1,2,831,831
202427,1P,1,3,3,100095,694,275,1,3,784,784
202427,1P,1,4,4,100615,732,333,1,4,520,520
202427,1,1,1,1,103215,789,461,1,1,1301,1301
202427,1,1,2,2,104183,833,352,1,2,968,968
202427,1,1,3,3,104976,1034,281,1,3,793,793
202427,1,1,4,4,105448,1005,339,1,4,472,472
202427,1,1,5,5,105975,994,413,1,5,527,527
202427,1,1,6,6,107111,1009,598,1,6,1136,1136
202427,1,1,7,7,107799,900,506,1,7,688,688
202427,1,1,8,8,108351,847,569,1,8,552,552
202427,1,1,9,9,109159,631,632,1,9,808,808
202427,1,1,10,10,109799,472,587,1,10,640,640
202427,1,1,11,11,110375,342,414,1,11,576,576
202427,1,1,12,12,110935,449,453,1,12,560,560
202427,1,1,13,13,111487,541,432,1,13,552,552
202427,1,1,14,14,112479,599,417,1,14,992,992
202427,1,1,15,15,113143,556,313,1,15,664,664
202427,1,1,16,16,113623,495,310,1,16,480,480
202427,1,1,17,17,114487,441,288,1,17,864,864
202427,1,1,18,18,114960,353,298,1,18,473,473
202427,1,1,19,19,115735,337,215,1,19,775,775
202427,1,1,20,20,116471,348,158,1,20,736,736
202427,1,1,21,21,116935,444,165,1,21,464,464
202427,1,1,22,22,117623,461,216,1,22,688,688
202427,1,1,23,23,118791,730,163,1,23,1168,1168
202427,1,1,24,24,119231,748,256,1,24,440,440
202427,1,1,25,25,119623,705,308,1,25,392,392
202427,1,1,26,26,120688,670,441,1,26,1065,1065
202427,2P,2,2,1,123439,619,340,1,1,1506,1506
202427,2P,2,3,1,123991,673,303,0,4,552,552
202427,2P,2,4,1,124808,688,312,0,4,817,1369
202427,2P,2,5,1,125207,672,308,0,4,399,1768
202427,2P,2,6,1,125511,671,307,0,4,304,2072
202427,2P,2,7,1,126055,595,364,0,1,544,2616
202427,2P,2,8,1,126679,667,299,0,4,624,3240
202427,2P,2,9,1,126959,667,299,0,4,280,3520
202427,2P,2,10,1,127567,629,352,0,1,608,4128
202427,2P,2,11,1,128311,685,311,0,4,744,4872
202427,2P,2,12,1,128887,620,358,0,1,576,5448
202427,2P,2,13,2,129983,731,453,1,2,1096,6544
202427,2P,2,14,3,130663,701,360,1,3,680,680
202427,2P,2,15,4,131127,669,310,1,4,464,464
202427,2,2,1,1,134519,571,445,1,1,1774,1774
202427,2,2,2,2,135472,516,351,1,2,953,953
202427,2,2,3,3,137879,336,272,1,3,2407,2407
202427,2,2,4,4,138599,367,348,1,4,720,720
202427,2,2,5,5,139183,409,401,1,5,584,584
202427,2,2,6,6,139935,352,588,1,6,752,752
202427,2,2,7,7,140735,465,498,1,7,800,800
202427,2,2,8,8,141343,524,547,1,8,608,608
202427,2,2,9,9,144287,748,636,1,9,2944,2944
202427,2,2,10,10,145135,874,599,1,10,848,848
202427,2,2,11,11,148775,1037,431,1,11,3640,3640
202427,2,2,12,12,149951,902,457,1,12,1176,1176
202427,2,2,13,13,151096,829,436,1,13,1145,1145
202427,2,2,14,14,154792,750,414,1,14,3696,3696
202427,2,2,15,15,155751,810,304,1,15,959,959
202427,2,2,16,16,156431,863,324,1,16,680,680
202427,2,2,17,17,157655,933,287,1,17,1224,1224
202427,2,2,18,18,158495,1018,305,1,18,840,840
202427,2,2,19,19,159192,1005,220,1,19,697,697
202427,2,2,20,20,159751,1023,152,1,20,559,559
202427,2,2,21,21,160591,935,173,1,21,840,840
202427,2,2,22,22,161319,922,217,1,22,728,728
202427,2,2,24,23,164191,624,155,1,23,2872,2872
202427,2,2,25,24,165095,639,240,1,24,904,904
202427,2,2,26,25,165832,668,318,1,25,737,737
202427,2,2,27,26,166695,694,414,1,26,863,863
202427,3P,1,1,1,170375,646,336,1,1,1051,1051
202427,3P,1,2,2,171247,727,365,1,2,872,872
202427,3P,1,3,3,171687,692,412,1,3,440,440
202427,3P,1,4,4,172063,724,316,1,4,376,376
202427,3,1,1,1,175048,515,349,1,1,1022,1022
202427,3,1,3,2,175847,489,301,1,2,799,799
202427,3,1,4,3,176567,419,249,1,3,720,720
202427,3,1,5,4,177255,508,198,1,4,688,688
202427,3,1,6,5,177879,617,293,1,5,624,624
202427,3,1,7,6,178519,688,145,1,6,640,640
202427,3,1,8,7,179295,851,164,1,7,776,776
202427,3,1,9,8,179759,779,211,1,8,464,464
202427,3,1,10,9,180264,737,309,1,9,505,505
202427,3,1,11,10,181151,819,395,1,10,887,887
202427,3,1,13,11,182311,922,280,1,11,1160,1160
202427,3,1,14,12,182823,994,171,1,12,512,512
202427,3,1,15,13,183975,1026,409,1,13,1152,1152
202427,3,1,16,14,184383,1022,442,1,14,408,408
202427,3,1,17,15,185079,989,549,1,15,696,696
202427,3,1,18,16,185871,813,605,1,16,792,792
202427,3,1,19,17,186424,799,483,1,17,553,553
202427,3,1,20,18,186967,687,455,1,18,543,543
202427,3,1,21,18,187519,659,535,0,20,552,552
202427,3,1,22,19,188344,687,565,1,19,825,1377
202427,3,1,23,20,189056,664,535,1,20,712,712
202427,3,1,24,21,189999,550,482,1,21,943,943
202427,3,1,25,22,191031,437,558,1,22,1032,1032
202427,3,1,26,23,192159,383,625,1,23,1128,1128
202427,3,1,27,24,193303,377,507,1,24,1144,1144
202427,3,1,28,25,193887,401,439,1,25,584,584
202427,3,1,29,26,194336,469,433,1,26,449,449
202427,4P,2,1,1,197287,691,298,1,1,1001,1001
202427,4P,2,2,2,198703,619,405,1,2,1416,1416
202427,4P,2,3,3,199415,771,333,1,3,712,712
202427,4P,2,4,4,199975,600,321,1,4,560,560
202427,4,2,1,1,202223,824,357,1,1,1293,1293
202427,4,2,2,2,202831,895,312,1,2,608,608
202427,4,2,3,3,203391,951,245,1,3,560,560
202427,4,2,4,4,204223,861,208,1,4,832,832
202427,4,2,5,5,204759,763,292,1,5,536,536
202427,4,2,6,6,205367,680,128,1,6,608,608
202427,4,2,8,7,206855,541,168,1,7,1488,1488
202427,4,2,9,8,207280,585,210,1,8,425,425
202427,4,2,10,9,210623,641,300,1,9,3343,3343
202427,4,2,11,10,211224,545,406,1,10,601,601
202427,4,2,12,11,212024,464,289,1,11,800,800
202427,4,2,13,12,213119,376,193,1,12,1095,1095
202427,4,2,14,13,214951,349,382,1,13,1832,1832
202427,4,2,15,14,215687,345,468,1,14,736,736
202427,4,2,16,15,216808,384,555,1,15,1121,1121
202427,4,2,17,16,217783,575,587,1,16,975,975
202427,4,2,18,17,218383,587,484,1,17,600,600
202427,4,2,19,18,218847,664,460,1,18,464,464
202427,4,2,20,19,219719,687,571,1,19,872,872
202427,4,2,21,20,220144,708,540,1,20,425,425
202427,4,2,22,21,222456,818,489,1,21,2312,2312
202427,4,2,23,21,224111,919,433,0,26,1655,1655
202427,4,2,24,22,227831,935,562,1,22,3720,5375
202427,4,2,25,23,228535,999,629,1,23,704,704
202427,4,2,26,24,229255,963,506,1,24,720,720
202427,4,2,27,25,229943,967,436,1,25,688,688
202427,4,2,28,26,230383,908,421,1,26,440,440
202427,5P,1,1,1,232735,736,358,1,1,1233,1233
202427,5P,1,2,2,233511,647,405,1,2,776,776
202427,5P,1,3,3,234071,717,392,1,3,560,560
202427,5P,1,4,4,234471,697,473,1,4,400,400
202427,5,1,1,1,236375,694,146,1,1,1192,1192
202427,5,1,2,2,236991,757,194,1,2,616,616
202427,5,1,3,3,237439,769,149,1,3,448,448
202427,5,1,4,4,237855,805,216,1,4,416,416
202427,5,1,5,5,238375,898,161,1,5,520,520
202427,5,1,6,6,238975,936,228,1,6,600,600
202427,5,1,7,7,239615,992,286,1,7,640,640
202427,5,1,8,8,240343,980,496,1,8,728,728
202427,5,1,9,9,240839,1040,564,1,9,496,496
202427,5,1,11,10,241872,961,560,1,10,1033,1033
202427,5,1,12,11,242320,913,610,1,11,448,448
202427,5,1,13,12,242920,837,621,1,12,600,600
202427,5,1,14,13,243423,834,517,1,13,503,503
202427,5,1,15,14,243952,798,346,1,14,529,529
202427,5,1,16,15,244384,732,323,1,15,432,432
202427,5,1,17,16,245103,636,502,1,16,719,719
202427,5,1,18,17,245672,565,388,1,17,569,569
202427,5,1,19,18,246055,541,323,1,18,383,383
202427,5,1,20,19,246528,491,331,1,19,473,473
202427,5,1,21,20,248015,391,523,1,20,1487,1487
202427,5,1,22,21,248383,397,481,1,21,368,368
202427,5,1,23,22,248792,377,400,1,22,409,409
202427,5,1,24,23,249407,414,309,1,23,615,615
202427,5,1,25,24,249847,388,262,1,24,440,440
202427,5,1,26,25,250215,480,250,1,25,368,368
202427,5,1,27,26,250495,536,246,1,26,280,280
202427,6P,2,1,1,257344,656,396,1,1,1320,1320
202427,6P,2,2,2,258944,595,314,1,2,1600,1600
202427,6P,2,3,3,259544,669,474,1,3,600,600
202427,6P,2,4,4,259888,718,448,1,4,344,344
202427,6,2,1,1,261527,669,152,1,1,1035,1035
202427,6,2,2,2,262367,615,187,1,2,840,840
202427,6,2,3,3,262856,594,148,1,3,489,489
202427,6,2,4,4,263287,566,199,1,4,431,431
202427,6,2,5,5,264183,465,150,1,5,896,896
202427,6,2,6,6,264632,438,225,1,6,449,449
202427,6,2,7,7,265367,363,278,1,7,735,735
202427,6,2,8,8,266111,392,488,1,8,744,744
202427,6,2,9,9,267047,339,566,1,9,936,936
202427,6,2,10,10,267503,416,547,1,10,456,456
202427,6,2,11,11,268255,469,614,1,11,752,752
202427,6,2,12,12,268775,505,608,1,12,520,520
202427,6,2,13,13,269647,561,501,1,13,872,872
202427,6,2,14,14,270575,562,331,1,14,928,928
202427,6,2,15,15,271255,650,336,1,15,680,680
202427,6,2,16,16,272295,742,511,1,16,1040,1040
202427,6,2,17,17,272991,813,390,1,17,696,696
202427,6,2,18,18,273423,818,324,1,18,432,432
202427,6,2,19,19,275655,896,339,1,19,2232,2232
202427,6,2,20,20,276799,964,524,1,20,1144,1144
202427,6,2,21,21,277367,984,477,1,21,568,568
202427,6,2,22,22,278095,1003,389,1,22,728,728
202427,6,2,23,23,278959,928,315,1,23,864,864
202427,6,2,24,24,279503,990,255,1,24,544,544
202427,6,2,25,24,280256,863,245,0,26,753,753
202427,6,2,26,24,280775,854,245,0,26,519,1272
202427,6,2,27,24,281599,839,236,0,26,824,2096
202427,6,2,28,25,283751,904,257,1,25,2152,4248
202427,6,2,29,26,284119,849,247,1,26,368,368
202427,7P,1,1,1,286223,629,465,1,1,1388,1388
202427,7P,1,2,2,286688,642,411,1,2,465,465
202427,7P,1,3,3,287959,759,410,1,3,1271,1271
202427,7P,1,4,4,288559,650,305,1,4,600,600
202427,7,1,1,1,290279,350,610,1,1,1175,1175
202427,7,1,2,2,290872,442,630,1,2,593,593
202427,7,1,3,3,291295,438,558,1,3,423,423
202427,7,1,4,4,291711,510,556,1,4,416,416
202427,7,1,5,5,292175,555,604,1,5,464,464
202427,7,1,6,6,292872,622,556,1,6,697,697
202427,7,1,7,7,293327,645,629,1,7,455,455
202427,7,1,8,8,293959,817,555,1,8,632,632
202427,7,1,9,9,294392,892,516,1,9,433,433
202427,7,1,10,10,294871,870,440,1,10,479,479
202427,7,1,11,11,295328,917,344,1,11,457,457
202427,7,1,12,12,295775,962,333,1,12,447,447
202427,7,1,13,13,296344,968,164,1,13,569,569
202427,7,1,14,14,296999,825,185,1,14,655,655
202427,7,1,15,15,298447,727,150,1,15,1448,1448
202427,7,1,16,16,299039,856,284,1,16,592,592
202427,7,1,17,17,299639,743,337,1,17,600,600
202427,7,1,19,18,300495,721,434,1,18,856,856
202427,7,1,20,19,300959,658,508,1,19,464,464
202427,7,1,21,20,301527,580,457,1,20,568,568
202427,7,1,22,21,301992,464,410,1,21,465,465
202427,7,1,23,22,302735,377,353,1,22,743,743
202427,7,1,24,23,303071,354,308,1,23,336,336
202427,7,1,25,24,303479,346,406,1,24,408,408
202427,7,1,26,25,305399,386,519,1,25,1920,1920
202427,7,1,28,26,306095,351,549,1,26,696,696
202427,8P,2,1,1,307759,685,299,1,1,1017,1017
202427,8P,2,2,2,309087,588,459,1,2,1328,1328
202427,8P,2,3,3,309463,594,353,1,3,376,376
202427,8P,2,5,4,310399,739,416,1,4,936,936
202427,8,2,1,1,312111,1017,619,1,1,1411,1411
202427,8,2,2,2,312552,897,635,1,2,441,441
202427,8,2,3,3,313063,930,556,1,3,511,511
202427,8,2,4,4,313496,852,556,1,4,433,433
202427,8,2,5,5,313975,803,592,1,5,479,479
202427,8,2,6,6,314415,752,554,1,6,440,440
202427,8,2,7,7,315551,714,636,1,7,1136,1136
202427,8,2,8,8,316103,547,547,1,8,552,552
202427,8,2,9,9,316535,491,525,1,9,432,432
202427,8,2,10,10,316919,503,454,1,10,384,384
202427,8,2,11,11,318527,468,374,1,11,1608,1608
202427,8,2,12,12,318999,401,318,1,12,472,472
202427,8,2,13,13,320584,400,152,1,13,1585,1585
202427,8,2,14,14,321464,566,194,1,14,880,880
202427,8,2,15,15,322079,634,149,1,15,615,615
202427,8,2,16,16,322767,538,300,1,16,688,688
202427,8,2,17,17,323391,637,334,1,17,624,624
202427,8,2,18,18,323983,637,432,1,18,592,592
202427,8,2,19,19,325863,707,507,1,19,1880,1880
202427,8,2,20,20,326408,795,464,1,20,545,545
202427,8,2,21,21,327687,900,417,1,21,1279,1279
202427,8,2,22,22,328271,973,335,1,22,584,584
202427,8,2,23,22,328944,1023,403,0,24,673,673
202427,8,2,24,23,329671,1001,313,1,23,727,1400
202427,8,2,25,24,330223,1018,407,1,24,552,552
202427,8,2,26,25,331503,958,532,1,25,1280,1280
202427,8,2,27,26,332136,1021,550,1,26,633,633
202427,9P,1,1,1,333615,619,350,1,1,856,856
202427,9P,1,2,2,334247,747,364,1,2,632,632
202427,9P,1,3,3,334751,666,304,1,3,504,504
202427,9P,1,5,4,335343,781,402,1,4,592,592
202427,9,1,1,1,336983,703,574,1,1,1133,1133
202427,9,1,2,2,337496,770,626,1,2,513,513
202427,9,1,3,3,337968,852,587,1,3,472,472
202427,9,1,4,4,338679,954,591,1,4,711,711
202427,9,1,5,5,339271,1021,419,1,5,592,592
202427,9,1,6,6,339703,1006,362,1,6,432,432
202427,9,1,7,7,340223,968,266,1,7,520,520
202427,9,1,8,8,340679,954,146,1,8,456,456
202427,9,1,10,9,341423,937,210,1,9,744,744
202427,9,1,11,10,342000,928,313,1,10,577,577
202427,9,1,12,11,342463,829,284,1,11,463,463
202427,9,1,13,12,342959,718,276,1,12,496,496
202427,9,1,14,13,343591,681,180,1,13,632,632
202427,9,1,15,14,344400,486,236,1,14,809,809
202427,9,1,16,15,344911,531,302,1,15,511,511
202427,9,1,17,16,345320,460,336,1,16,409,409
202427,9,1,18,17,345799,535,363,1,17,479,479
202427,9,1,19,18,346535,663,432,1,18,736,736
202427,9,1,20,19,347023,735,425,1,19,488,488
202427,9,1,21,20,347671,675,483,1,20,648,648
202427,9,1,22,21,348271,548,491,1,21,600,600
202427,9,1,23,22,349231,358,466,1,22,960,960
202427,9,1,24,23,349751,324,501,1,23,520,520
202427,9,1,25,24,350319,388,541,1,24,568,568
202427,9,1,26,25,350879,529,585,1,25,560,560
202427,9,1,27,26,351375,577,598,1,26,496,496
202427,10P,2,2,1,353104,766,323,1,1,1107,1107
202427,10P,2,3,2,353719,609,333,1,2,615,615
202427,10P,2,4,3,354439,681,466,1,3,720,720
202427,10P,2,5,4,354959,659,327,1,4,520,520
202427,10,2,1,1,356560,637,571,1,1,1089,1089
202427,10,2,2,2,356991,586,623,1,2,431,431
202427,10,2,3,3,358167,520,589,1,3,1176,1176
202427,10,2,4,4,358703,408,591,1,4,536,536
202427,10,2,5,5,359160,352,421,1,5,457,457
202427,10,2,6,6,359544,351,357,1,6,384,384
202427,10,2,7,7,360391,384,257,1,7,847,847
202427,10,2,8,8,361015,416,144,1,8,624,624
202427,10,2,9,9,361583,434,190,1,9,568,568
202427,10,2,10,10,362159,463,303,1,10,576,576
202427,10,2,11,11,362775,539,283,1,11,616,616
202427,10,2,12,12,363239,656,283,1,12,464,464
202427,10,2,14,13,366111,671,161,1,13,2872,2872
202427,10,2,15,14,367063,897,225,1,14,952,952
202427,10,2,16,15,368415,849,301,1,15,1352,1352
202427,10,2,17,16,370152,900,335,1,16,1737,1737
202427,10,2,18,17,371423,826,373,1,17,1271,1271
202427,10,2,19,18,372226,718,423,1,18,803,803
202427,10,2,20,19,372727,637,422,1,19,501,501
202427,10,2,21,20,373175,686,473,1,20,448,448
202427,10,2,22,21,373863,818,476,1,21,688,688
202427,10,2,23,22,375751,1009,460,1,22,1888,1888
202427,10,2,24,23,376384,1036,519,1,23,633,633
202427,10,2,25,24,376887,971,553,1,24,503,503
202427,10,2,26,25,377319,859,582,1,25,432,432
202427,10,2,27,26,377663,789,606,1,26,344,344
