subnum,trial,type,clicks,hits,clicktime,posx,posy,corr,id,rt,rt2
18,1P,1,1,1,47637,759,480,1,1,1493,1493
18,1P,1,2,2,49797,686,385,1,2,2160,2160
18,1P,1,3,3,50629,644,436,1,3,832,832
18,1P,1,4,4,51405,702,288,1,4,776,776
18,1,1,1,1,56390,536,450,1,1,1355,1355
18,1,1,2,2,57469,475,303,1,2,1079,1079
18,1,1,3,3,58245,539,269,1,3,776,776
18,1,1,4,4,59069,470,181,1,4,824,824
18,1,1,5,5,60053,556,175,1,5,984,984
18,1,1,6,6,60949,653,143,1,6,896,896
18,1,1,7,7,61582,759,149,1,7,633,633
18,1,1,8,8,63438,1019,193,1,8,1856,1856
18,1,1,9,9,64174,845,232,1,9,736,736
18,1,1,10,10,64974,737,295,1,10,800,800
18,1,1,11,11,65861,586,360,1,11,887,887
18,1,1,12,12,66582,584,427,1,12,721,721
18,1,1,13,13,67662,630,462,1,13,1080,1080
18,1,1,14,14,68061,633,391,1,14,399,399
18,1,1,15,15,69004,766,388,1,15,943,943
18,1,1,16,16,72142,784,495,1,16,3138,3138
18,1,1,17,17,72997,922,419,1,17,855,855
18,1,1,18,18,73597,864,471,1,18,600,600
18,1,1,19,19,74541,847,546,1,19,944,944
18,1,1,20,20,75509,938,607,1,20,968,968
18,1,1,21,21,76084,792,613,1,21,575,575
18,1,1,22,22,76566,744,535,1,22,482,482
18,1,1,23,23,77076,627,582,1,23,510,510
18,1,1,24,24,78253,437,623,1,24,1177,1177
18,1,1,25,25,79012,367,602,1,25,759,759
18,1,1,26,26,79485,381,526,1,26,473,473
18,2P,2,1,1,84694,655,342,1,1,1261,1261
18,2P,2,2,2,85318,763,444,1,2,624,624
18,2P,2,3,3,85797,612,470,1,3,479,479
18,2P,2,4,4,86438,718,418,1,4,641,641
18,2,2,1,1,92533,995,163,1,1,1289,1289
18,2,2,2,2,93117,997,300,1,2,584,584
18,2,2,4,3,94222,697,332,1,3,1105,1105
18,2,2,6,4,94909,774,346,1,4,687,687
18,2,2,7,5,95477,866,403,1,5,568,568
18,2,2,8,6,96060,995,445,1,6,583,583
18,2,2,9,7,96597,896,457,1,7,537,537
18,2,2,10,8,97181,803,482,1,8,584,584
18,2,2,11,9,97797,714,454,1,9,616,616
18,2,2,12,10,98565,666,469,1,10,768,768
18,2,2,13,11,103206,827,541,1,11,4641,4641
18,2,2,14,12,103821,798,588,1,12,615,615
18,2,2,15,13,104869,623,561,1,13,1048,1048
18,2,2,16,14,105973,548,554,1,14,1104,1104
18,2,2,17,15,106477,488,561,1,15,504,504
18,2,2,18,16,107814,497,450,1,16,1337,1337
18,2,2,19,17,108846,392,476,1,17,1032,1032
18,2,2,20,18,109670,350,275,1,18,824,824
18,2,2,21,18,110862,506,268,0,21,1192,1192
18,2,2,22,19,114750,371,154,1,19,3888,5080
18,2,2,23,20,115334,438,166,1,20,584,584
18,2,2,24,21,116790,504,270,1,21,1456,1456
18,2,2,25,22,117430,535,178,1,22,640,640
18,2,2,26,23,118950,675,182,1,23,1520,1520
18,2,2,27,24,119581,713,231,1,24,631,631
18,2,2,28,25,120310,772,178,1,25,729,729
18,2,2,29,26,121357,826,177,1,26,1047,1047
18,3P,1,1,1,126501,593,307,1,1,1388,1388
18,3P,1,2,2,127414,770,388,1,2,913,913
18,3P,1,3,3,128261,649,452,1,3,847,847
18,3P,1,5,4,128941,711,361,1,4,680,680
18,3,1,1,1,133774,520,196,1,1,2691,2691
18,3,1,2,2,134502,617,156,1,2,728,728
18,3,1,3,3,135110,657,243,1,3,608,608
18,3,1,4,4,135894,726,294,1,4,784,784
18,3,1,5,5,136462,790,251,1,5,568,568
18,3,1,6,6,136925,784,149,1,6,463,463
18,3,1,7,7,137517,908,157,1,7,592,592
18,3,1,8,8,137965,939,223,1,8,448,448
18,3,1,9,9,138501,885,283,1,9,536,536
18,3,1,11,10,139405,824,377,1,10,904,904
18,3,1,12,11,139790,821,425,1,11,385,385
18,3,1,13,12,140278,895,421,1,12,488,488
18,3,1,14,13,140725,1001,493,1,13,447,447
18,3,1,15,14,141550,831,504,1,14,825,825
18,3,1,16,15,142285,645,572,1,15,735,735
18,3,1,17,16,142741,619,613,1,16,456,456
18,3,1,18,17,144302,456,538,1,17,1561,1561
18,3,1,19,18,145029,389,624,1,18,727,727
18,3,1,20,19,145590,355,533,1,19,561,561
18,3,1,21,20,146261,485,453,1,20,671,671
18,3,1,22,21,146862,413,420,1,21,601,601
18,3,1,23,22,147341,464,403,1,22,479,479
18,3,1,24,23,147782,550,449,1,23,441,441
18,3,1,25,24,148310,624,413,1,24,528,528
18,3,1,26,25,148878,569,361,1,25,568,568
18,3,1,28,26,150102,342,212,1,26,1224,1224
18,4P,2,1,1,154118,691,347,1,1,1501,1501
18,4P,2,2,2,154622,771,373,1,2,504,504
18,4P,2,3,3,155238,715,418,1,3,616,616
18,4P,2,4,4,155782,637,296,1,4,544,544
18,4,2,1,0,159462,752,157,0,2,2098,2098
18,4,2,2,1,160494,861,182,1,1,1032,3130
18,4,2,3,2,160902,750,174,1,2,408,408
18,4,2,4,3,161541,734,233,1,3,639,639
18,4,2,5,4,162277,649,299,1,4,736,736
18,4,2,6,5,162805,574,239,1,5,528,528
18,4,2,7,6,163309,565,153,1,6,504,504
18,4,2,8,7,163894,471,181,1,7,585,585
18,4,2,9,8,164654,423,248,1,8,760,760
18,4,2,10,9,165165,474,290,1,9,511,511
18,4,2,11,10,165685,560,366,1,10,520,520
18,4,2,12,10,167318,477,417,0,12,1633,1633
18,4,2,13,10,168477,485,412,0,12,1159,2792
18,4,2,14,11,169653,557,434,1,11,1176,3968
18,4,2,15,11,170310,546,499,0,14,657,657
18,4,2,16,11,171374,542,496,0,14,1064,1721
18,4,2,17,11,171765,542,495,0,14,391,2112
18,4,2,18,12,172350,485,406,1,12,585,2697
18,4,2,19,13,173710,369,498,1,13,1360,1360
18,4,2,20,14,174566,535,497,1,14,856,856
18,4,2,21,15,176725,724,586,1,15,2159,2159
18,4,2,22,16,177165,753,618,1,16,440,440
18,4,2,23,16,179262,891,485,0,20,2097,2097
18,4,2,25,17,181485,915,540,1,17,2223,4320
18,4,2,26,17,182069,908,487,0,20,584,584
18,4,2,27,17,182526,890,476,0,20,457,1041
18,4,2,28,18,183205,983,616,1,18,679,1720
18,4,2,29,19,183974,1002,534,1,19,769,769
18,4,2,30,20,184822,893,464,1,20,848,848
18,4,2,31,21,185606,964,429,1,21,784,784
18,4,2,32,22,186230,912,408,1,22,624,624
18,4,2,33,23,187005,850,440,1,23,775,775
18,4,2,34,24,187813,719,400,1,24,808,808
18,4,2,35,25,188549,813,334,1,25,736,736
18,4,2,36,26,189181,1014,220,1,26,632,632
18,5P,1,1,1,192718,792,386,1,1,1133,1133
18,5P,1,2,2,193645,672,463,1,2,927,927
18,5P,1,3,3,194325,762,487,1,3,680,680
18,5P,1,4,4,194934,582,409,1,4,609,609
18,5,1,1,1,198302,584,196,1,1,1522,1522
18,5,1,2,2,198862,485,223,1,2,560,560
18,5,1,3,3,199566,417,144,1,3,704,704
18,5,1,4,4,200502,465,408,1,4,936,936
18,5,1,5,5,200902,500,422,1,5,400,400
18,5,1,6,6,201830,334,449,1,6,928,928
18,5,1,7,7,202390,420,485,1,7,560,560
18,5,1,8,8,203197,480,592,1,8,807,807
18,5,1,9,9,203701,530,543,1,9,504,504
18,5,1,10,10,204373,594,472,1,10,672,672
18,5,1,11,11,204806,665,446,1,11,433,433
18,5,1,12,12,205349,635,349,1,12,543,543
18,5,1,13,13,205990,722,349,1,13,641,641
18,5,1,14,14,206462,778,429,1,14,472,472
18,5,1,15,15,207309,647,558,1,15,847,847
18,5,1,16,16,207685,675,611,1,16,376,376
18,5,1,17,17,208093,773,641,1,17,408,408
18,5,1,19,18,209012,884,607,1,18,919,919
18,5,1,20,19,209493,860,511,1,19,481,481
18,5,1,21,20,209893,858,442,1,20,400,400
18,5,1,22,21,210301,843,356,1,21,408,408
18,5,1,23,22,211589,981,241,1,22,1288,1288
18,5,1,24,23,212302,828,229,1,23,713,713
18,5,1,25,24,212829,768,145,1,24,527,527
18,5,1,27,25,213685,687,174,1,25,856,856
18,5,1,28,26,214494,627,279,1,26,809,809
18,6P,2,1,1,216750,623,365,1,1,1143,1143
18,6P,2,2,2,217630,606,291,1,2,880,880
18,6P,2,3,3,218749,718,305,1,3,1119,1119
18,6P,2,4,4,219670,677,487,1,4,921,921
18,6,2,1,1,223838,845,447,1,1,1242,1242
18,6,2,2,2,224941,905,308,1,2,1103,1103
18,6,2,3,3,225549,824,255,1,3,608,608
18,6,2,4,4,226068,920,190,1,4,519,519
18,6,2,5,5,226830,811,190,1,5,762,762
18,6,2,6,6,227558,696,140,1,6,728,728
18,6,2,7,7,228158,625,162,1,7,600,600
18,6,2,8,7,228949,631,280,0,10,791,791
18,6,2,9,8,230581,358,204,1,8,1632,2423
18,6,2,10,9,231558,509,224,1,9,977,977
18,6,2,11,10,232157,627,263,1,10,599,599
18,6,2,12,10,232726,634,274,0,10,569,569
18,6,2,13,11,233813,783,375,1,11,1087,1656
18,6,2,14,11,234429,726,404,0,14,616,616
18,6,2,15,11,234957,729,405,0,14,528,1144
18,6,2,16,12,235558,779,424,1,12,601,1745
18,6,2,17,13,237334,741,461,1,13,1776,1776
18,6,2,18,14,237733,727,413,1,14,399,399
18,6,2,19,15,238886,605,388,1,15,1153,1153
18,6,2,20,15,240550,484,459,0,18,1664,1664
18,6,2,21,15,242470,433,594,0,20,1920,3584
18,6,2,22,15,243990,613,532,0,22,1520,5104
18,6,2,23,16,244613,571,514,1,16,623,5727
18,6,2,24,17,245829,440,409,1,17,1216,1216
18,6,2,25,18,246293,482,454,1,18,464,464
18,6,2,26,19,247374,505,542,1,19,1081,1081
18,6,2,27,20,248181,428,606,1,20,807,807
18,6,2,28,21,248742,565,597,1,21,561,561
18,6,2,29,22,249758,624,538,1,22,1016,1016
18,6,2,30,23,250334,725,586,1,23,576,576
18,6,2,32,23,252021,974,539,0,26,1687,1687
18,6,2,33,24,254302,950,631,1,24,2281,3968
18,6,2,34,25,255453,1017,600,1,25,1151,1151
18,6,2,35,26,255782,977,544,1,26,329,329
18,7P,1,1,1,258686,594,363,1,1,1462,1462
18,7P,1,2,2,259173,703,380,1,2,487,487
18,7P,1,3,2,259694,666,297,0,4,521,521
18,7P,1,4,3,260230,640,384,1,3,536,1057
18,7P,1,5,4,260694,676,296,1,4,464,464
18,7,1,1,1,263533,386,166,1,1,1105,1105
18,7,1,2,2,264405,361,280,1,2,872,872
18,7,1,3,3,265606,667,320,1,3,1201,1201
18,7,1,5,4,266446,596,357,1,4,840,840
18,7,1,6,5,267109,512,407,1,5,663,663
18,7,1,7,6,267902,389,465,1,6,793,793
18,7,1,8,7,268350,460,468,1,7,448,448
18,7,1,9,8,268878,564,467,1,8,528,528
18,7,1,11,9,269709,654,448,1,9,831,831
18,7,1,12,10,270068,698,467,1,10,359,359
18,7,1,13,11,270637,528,561,1,11,569,569
18,7,1,14,12,271077,588,585,1,12,440,440
18,7,1,15,13,271613,733,559,1,13,536,536
18,7,1,17,14,272334,820,568,1,14,721,721
18,7,1,18,15,272701,872,567,1,15,367,367
18,7,1,19,16,273246,847,441,1,16,545,545
18,7,1,20,17,273862,984,476,1,17,616,616
18,7,1,21,17,275190,924,171,0,20,1328,1328
18,7,1,22,17,275590,858,269,0,21,400,1728
18,7,1,23,18,278358,1029,270,1,18,2768,4496
18,7,1,24,19,278854,1003,151,1,19,496,496
18,7,1,25,20,279366,922,159,1,20,512,512
18,7,1,26,21,280076,846,272,1,21,710,710
18,7,1,28,22,280701,844,175,1,22,625,625
18,7,1,29,23,281854,702,170,1,23,1153,1153
18,7,1,30,24,282230,656,236,1,24,376,376
18,7,1,31,25,282758,600,164,1,25,528,528
18,7,1,32,26,283374,518,197,1,26,616,616
18,8P,2,1,1,286749,622,318,1,1,1357,1357
18,8P,2,2,2,287590,725,395,1,2,841,841
18,8P,2,3,3,288886,605,462,1,3,1296,1296
18,8P,2,4,4,289558,689,417,1,4,672,672
18,8,2,1,1,306142,530,432,1,1,2146,2146
18,8,2,2,2,306798,585,380,1,2,656,656
18,8,2,3,3,308118,417,327,1,3,1320,1320
18,8,2,4,4,308741,337,354,1,4,623,623
18,8,2,5,5,309430,399,208,1,5,689,689
18,8,2,6,6,309902,531,138,1,6,472,472
18,8,2,7,7,310702,630,228,1,7,800,800
18,8,2,9,8,311454,679,197,1,8,752,752
18,8,2,10,9,311926,652,268,1,9,472,472
18,8,2,11,10,312294,627,313,1,10,368,368
18,8,2,12,11,313142,723,380,1,11,848,848
18,8,2,13,12,313669,789,231,1,12,527,527
18,8,2,14,13,315581,869,213,1,13,1912,1912
18,8,2,15,13,316358,864,333,0,16,777,777
18,8,2,16,14,317142,1000,158,1,14,784,1561
18,8,2,17,15,318061,935,247,1,15,919,919
18,8,2,18,16,318493,858,352,1,16,432,432
18,8,2,19,17,319214,940,432,1,17,721,721
18,8,2,20,18,319718,1015,581,1,18,504,504
18,8,2,21,19,320486,900,536,1,19,768,768
18,8,2,22,20,321173,735,589,1,20,687,687
18,8,2,23,21,322222,692,531,1,21,1049,1049
18,8,2,24,22,323077,597,497,1,22,855,855
18,8,2,25,23,323678,453,566,1,23,601,601
18,8,2,26,24,324302,404,609,1,24,624,624
18,8,2,27,24,325020,466,406,0,26,718,718
18,8,2,28,24,325693,469,431,0,26,673,1391
18,8,2,29,25,326597,372,418,1,25,904,2295
18,8,2,31,26,327549,455,410,1,26,952,952
18,9P,1,1,1,329998,627,300,1,1,1007,1007
18,9P,1,2,2,330805,665,379,1,2,807,807
18,9P,1,3,3,331182,631,435,1,3,377,377
18,9P,1,4,4,331614,765,429,1,4,432,432
18,9,1,1,1,334869,842,435,1,1,1041,1041
18,9,1,2,2,335406,791,387,1,2,537,537
18,9,1,3,3,336189,946,328,1,3,783,783
18,9,1,4,4,336813,1046,355,1,4,624,624
18,9,1,6,5,337845,965,192,1,5,1032,1032
18,9,1,7,6,338445,822,151,1,6,600,600
18,9,1,8,7,339029,746,215,1,7,584,584
18,9,1,9,8,339501,705,176,1,8,472,472
18,9,1,10,9,339981,737,270,1,9,480,480
18,9,1,11,10,340373,750,317,1,10,392,392
18,9,1,12,11,341084,652,361,1,11,711,711
18,9,1,13,12,342182,563,234,1,12,1098,1098
18,9,1,14,13,342590,500,192,1,13,408,408
18,9,1,15,14,343622,381,175,1,14,1032,1032
18,9,1,16,15,344069,434,247,1,15,447,447
18,9,1,18,16,345325,499,334,1,16,1256,1256
18,9,1,19,17,345893,434,429,1,17,568,568
18,9,1,20,18,347309,358,601,1,18,1416,1416
18,9,1,21,19,347845,463,527,1,19,536,536
18,9,1,23,20,348949,639,594,1,20,1104,1104
18,9,1,25,21,349941,682,530,1,21,992,992
18,9,1,26,22,350429,754,515,1,22,488,488
18,9,1,27,23,351189,885,550,1,23,760,760
18,9,1,28,24,351861,972,612,1,24,672,672
18,9,1,29,24,352861,898,442,0,26,1000,1000
18,9,1,30,24,353542,909,423,0,26,681,1681
18,9,1,31,25,354749,978,422,1,25,1207,2888
18,9,1,32,26,355084,903,429,1,26,335,335
18,10P,2,1,1,357077,646,291,1,1,1358,1358
18,10P,2,2,2,357806,740,353,1,2,729,729
18,10P,2,3,3,358534,633,394,1,3,728,728
18,10P,2,4,4,359246,716,322,1,4,712,712
18,10,2,1,0,376582,871,229,0,2,3009,3009
18,10,2,2,1,377470,781,227,1,1,888,3897
18,10,2,3,2,378206,865,227,1,2,736,736
18,10,2,4,3,378894,929,134,1,3,688,688
18,10,2,5,4,379925,903,377,1,4,1031,1031
18,10,2,6,5,380510,866,440,1,5,585,585
18,10,2,7,6,381092,1041,439,1,6,582,582
18,10,2,8,7,381622,950,488,1,7,530,530
18,10,2,9,8,382398,873,576,1,8,776,776
18,10,2,10,9,382942,819,532,1,9,544,544
18,10,2,11,9,383254,727,430,0,11,312,312
18,10,2,12,10,383686,769,480,1,10,432,744
18,10,2,13,11,384430,735,450,1,11,744,744
18,10,2,14,12,385846,734,333,1,12,1416,1416
18,10,2,15,13,386854,642,356,1,13,1008,1008
18,10,2,16,14,388622,604,439,1,14,1768,1768
18,10,2,17,15,390573,708,545,1,15,1951,1951
18,10,2,18,16,391005,683,610,1,16,432,432
18,10,2,19,17,391550,590,644,1,17,545,545
18,10,2,20,18,392502,495,601,1,18,952,952
18,10,2,21,19,393013,497,492,1,19,511,511
18,10,2,22,20,393381,516,442,1,20,368,368
18,10,2,23,21,393806,523,341,1,21,425,425
18,10,2,24,22,394558,376,228,1,22,752,752
18,10,2,26,23,395974,552,215,1,23,1416,1416
18,10,2,27,24,396550,599,159,1,24,576,576
18,10,2,28,25,396934,679,174,1,25,384,384
18,10,2,29,26,397630,758,277,1,26,696,696
