subnum,trial,type,clicks,hits,clicktime,posx,posy,corr,id,rt,rt2
15,1P,1,1,1,31852,699,397,1,1,2982,2982
15,1P,1,2,2,33171,657,359,1,2,1319,1319
15,1P,1,3,3,33763,655,448,1,3,592,592
15,1P,1,4,4,60555,596,434,1,4,26792,26792
15,1,1,1,1,70379,500,590,1,1,1121,1121
15,1,1,2,2,71171,506,542,1,2,792,792
15,1,1,3,3,72379,479,421,1,3,1208,1208
15,1,1,4,4,73219,384,421,1,4,840,840
15,1,1,5,5,73972,399,261,1,5,753,753
15,1,1,6,6,74892,492,360,1,6,920,920
15,1,1,8,7,76539,556,387,1,7,1647,1647
15,1,1,9,8,77171,672,237,1,8,632,632
15,1,1,10,9,77635,664,185,1,9,464,464
15,1,1,11,10,78163,768,235,1,10,528,528
15,1,1,12,11,78595,843,213,1,11,432,432
15,1,1,13,12,79443,981,148,1,12,848,848
15,1,1,14,13,80035,981,209,1,13,592,592
15,1,1,15,14,80603,936,316,1,14,568,568
15,1,1,17,15,81323,1014,404,1,15,720,720
15,1,1,18,16,81787,984,468,1,16,464,464
15,1,1,19,17,82403,1012,528,1,17,616,616
15,1,1,20,18,82996,965,607,1,18,593,593
15,1,1,21,19,83419,930,581,1,19,423,423
15,1,1,22,20,84035,803,547,1,20,616,616
15,1,1,23,21,84515,834,414,1,21,480,480
15,1,1,24,22,84900,780,384,1,22,385,385
15,1,1,25,23,85523,762,322,1,23,623,623
15,1,1,26,24,86259,627,415,1,24,736,736
15,1,1,27,25,86779,671,481,1,25,520,520
15,1,1,28,26,87147,605,547,1,26,368,368
15,2P,2,1,1,93467,656,444,1,1,1580,1580
15,2P,2,2,2,93972,714,394,1,2,505,505
15,2P,2,3,3,94403,728,338,1,3,431,431
15,2P,2,4,4,94795,645,337,1,4,392,392
15,2,2,1,1,100683,732,471,1,1,1249,1249
15,2,2,3,1,101755,741,463,0,1,1072,1072
15,2,2,4,2,102227,791,463,1,2,472,1544
15,2,2,5,3,103067,855,375,1,3,840,840
15,2,2,6,4,103787,935,463,1,4,720,720
15,2,2,7,5,105900,974,330,1,5,2113,2113
15,2,2,8,6,106539,965,220,1,6,639,639
15,2,2,9,6,107235,871,258,0,8,696,696
15,2,2,10,7,108675,862,181,1,7,1440,2136
15,2,2,11,8,109299,881,250,1,8,624,624
15,2,2,12,9,110243,797,270,1,9,944,944
15,2,2,13,10,112235,685,246,1,10,1992,1992
15,2,2,14,11,114083,623,173,1,11,1848,1848
15,2,2,15,12,114731,606,258,1,12,648,648
15,2,2,16,13,117691,572,306,1,13,2960,2960
15,2,2,17,13,119828,444,270,0,16,2137,2137
15,2,2,18,13,120579,422,270,0,16,751,2888
15,2,2,19,13,121980,585,406,0,18,1401,4289
15,2,2,20,13,122531,533,360,0,17,551,4840
15,2,2,21,13,125355,593,397,0,18,2824,7664
15,2,2,22,13,126315,575,471,0,20,960,8624
15,2,2,23,13,128131,562,306,0,13,1816,10440
15,2,2,24,13,130603,659,367,0,19,2472,12912
15,2,2,25,14,134988,338,175,1,14,4385,17297
15,2,2,26,15,136579,390,229,1,15,1591,1591
15,2,2,27,16,137123,414,264,1,16,544,544
15,2,2,28,17,138195,526,348,1,17,1072,1072
15,2,2,29,18,138723,578,406,1,18,528,528
15,2,2,30,18,139819,587,448,0,20,1096,1096
15,2,2,31,18,140339,587,466,0,20,520,1616
15,2,2,32,19,141003,653,371,1,19,664,2280
15,2,2,33,20,141675,587,458,1,20,672,672
15,2,2,34,20,142251,598,530,0,22,576,576
15,2,2,35,21,143195,454,495,1,21,944,1520
15,2,2,36,22,143723,610,519,1,22,528,528
15,2,2,37,22,146243,670,594,0,24,2520,2520
15,2,2,38,22,146675,672,594,0,24,432,2952
15,2,2,39,22,147147,733,584,0,26,472,3424
15,2,2,40,23,147803,586,631,1,23,656,4080
15,2,2,41,24,148251,679,611,1,24,448,448
15,2,2,42,24,148860,747,579,0,26,609,609
15,2,2,43,25,149964,811,624,1,25,1104,1713
15,2,2,44,26,150403,736,558,1,26,439,439
15,3P,1,1,1,156227,723,460,1,1,980,980
15,3P,1,2,1,157315,739,451,0,1,1088,1088
15,3P,1,3,2,157651,743,423,1,2,336,1424
15,3P,1,4,3,158723,718,345,1,3,1072,1072
15,3P,1,5,4,159227,633,343,1,4,504,504
15,3,1,1,1,164587,999,623,1,1,1265,1265
15,3,1,2,2,165187,1006,562,1,2,600,600
15,3,1,3,3,165579,1002,520,1,3,392,392
15,3,1,4,4,166395,774,494,1,4,816,816
15,3,1,5,5,167675,654,485,1,5,1280,1280
15,3,1,6,6,168027,673,411,1,6,352,352
15,3,1,8,7,168980,786,351,1,7,953,953
15,3,1,9,8,169651,1001,357,1,8,671,671
15,3,1,10,9,170131,1045,226,1,9,480,480
15,3,1,11,10,170723,950,242,1,10,592,592
15,3,1,12,11,171347,783,171,1,11,624,624
15,3,1,13,12,172107,737,289,1,12,760,760
15,3,1,14,13,172491,664,272,1,13,384,384
15,3,1,15,14,172996,598,306,1,14,505,505
15,3,1,16,15,173387,522,303,1,15,391,391
15,3,1,17,16,173940,546,147,1,16,553,553
15,3,1,18,17,174283,512,190,1,17,343,343
15,3,1,19,18,174691,479,187,1,18,408,408
15,3,1,20,19,175571,359,149,1,19,880,880
15,3,1,21,20,176123,468,405,1,20,552,552
15,3,1,22,21,176819,396,432,1,21,696,696
15,3,1,23,22,177699,372,579,1,22,880,880
15,3,1,24,23,178107,402,541,1,23,408,408
15,3,1,25,24,178691,513,555,1,24,584,584
15,3,1,26,25,179067,586,558,1,25,376,376
15,3,1,27,26,179467,701,571,1,26,400,400
15,4P,2,1,1,182075,743,362,1,1,981,981
15,4P,2,2,2,182723,600,386,1,2,648,648
15,4P,2,3,2,183731,785,294,0,4,1008,1008
15,4P,2,4,3,184443,727,457,1,3,712,1720
15,4P,2,5,4,185211,767,299,1,4,768,768
15,4,2,1,1,187363,938,238,1,1,1162,1162
15,4,2,2,2,188067,965,366,1,2,704,704
15,4,2,3,3,189283,768,435,1,3,1216,1216
15,4,2,4,4,190980,810,514,1,4,1697,1697
15,4,2,5,5,192091,866,499,1,5,1111,1111
15,4,2,6,6,192763,934,500,1,6,672,672
15,4,2,7,7,193323,915,538,1,7,560,560
15,4,2,8,8,194435,1022,630,1,8,1112,1112
15,4,2,9,9,195763,829,622,1,9,1328,1328
15,4,2,10,10,196307,729,625,1,10,544,544
15,4,2,11,11,196940,685,591,1,11,633,633
15,4,2,12,12,197619,681,466,1,12,679,679
15,4,2,13,12,199355,494,618,0,14,1736,1736
15,4,2,14,13,200083,513,514,1,13,728,2464
15,4,2,15,14,200659,482,642,1,14,576,576
15,4,2,17,14,201699,351,609,0,16,1040,1040
15,4,2,19,15,202507,425,603,1,15,808,1848
15,4,2,20,16,203115,371,607,1,16,608,608
15,4,2,21,17,203972,345,444,1,17,857,857
15,4,2,22,18,204795,517,400,1,18,823,823
15,4,2,23,19,205619,523,331,1,19,824,824
15,4,2,24,20,206187,531,262,1,20,568,568
15,4,2,25,20,207123,655,226,0,23,936,936
15,4,2,26,20,207924,593,287,0,22,801,1737
15,4,2,27,21,208675,538,142,1,21,751,2488
15,4,2,28,22,209219,607,281,1,22,544,544
15,4,2,29,23,210347,658,230,1,23,1128,1128
15,4,2,30,24,210876,749,260,1,24,529,529
15,4,2,31,25,212299,865,229,1,25,1423,1423
15,4,2,32,26,212819,954,148,1,26,520,520
15,5P,1,2,1,215075,772,283,1,1,1262,1262
15,5P,1,3,2,215651,669,382,1,2,576,576
15,5P,1,4,3,216043,669,442,1,3,392,392
15,5P,1,5,4,216419,719,384,1,4,376,376
15,5,1,1,1,220956,634,468,1,1,827,827
15,5,1,2,2,221475,555,454,1,2,519,519
15,5,1,3,3,221787,531,372,1,3,312,312
15,5,1,4,4,222171,436,474,1,4,384,384
15,5,1,5,5,222659,378,303,1,5,488,488
15,5,1,6,6,223003,385,201,1,6,344,344
15,5,1,7,7,223635,516,169,1,7,632,632
15,5,1,8,8,224235,498,275,1,8,600,600
15,5,1,9,9,224892,601,275,1,9,657,657
15,5,1,10,10,225251,703,247,1,10,359,359
15,5,1,11,11,225683,748,176,1,11,432,432
15,5,1,12,12,226211,771,270,1,12,528,528
15,5,1,13,13,226691,811,302,1,13,480,480
15,5,1,14,14,228459,1037,184,1,14,1768,1768
15,5,1,16,15,229035,1001,229,1,15,576,576
15,5,1,17,16,229475,943,277,1,16,440,440
15,5,1,18,17,230459,840,366,1,17,984,984
15,5,1,19,18,230876,793,377,1,18,417,417
15,5,1,20,19,231307,722,369,1,19,431,431
15,5,1,21,20,231980,770,466,1,20,673,673
15,5,1,22,21,232507,906,494,1,21,527,527
15,5,1,23,22,233059,762,526,1,22,552,552
15,5,1,25,23,233988,787,633,1,23,929,929
15,5,1,26,24,234427,678,600,1,24,439,439
15,5,1,27,24,234771,635,570,0,26,344,344
15,5,1,28,25,235131,550,613,1,25,360,704
15,5,1,29,26,235723,617,583,1,26,592,592
15,6P,2,1,1,237419,698,401,1,1,1006,1006
15,6P,2,2,2,238363,587,304,1,2,944,944
15,6P,2,3,3,239259,744,339,1,3,896,896
15,6P,2,5,4,239884,658,357,1,4,625,625
15,6,2,1,1,242027,1001,378,1,1,1266,1266
15,6,2,2,2,242571,974,265,1,2,544,544
15,6,2,3,3,242940,942,204,1,3,369,369
15,6,2,4,4,243763,767,342,1,4,823,823
15,6,2,5,5,245339,671,338,1,5,1576,1576
15,6,2,6,6,245948,630,338,1,6,609,609
15,6,2,7,7,246635,741,279,1,7,687,687
15,6,2,8,8,247259,716,180,1,8,624,624
15,6,2,9,9,248227,523,174,1,9,968,968
15,6,2,10,10,248667,477,223,1,10,440,440
15,6,2,11,11,249203,414,191,1,11,536,536
15,6,2,12,12,249819,424,299,1,12,616,616
15,6,2,14,13,251139,334,467,1,13,1320,1320
15,6,2,15,14,251771,425,463,1,14,632,632
15,6,2,16,15,252507,402,596,1,15,736,736
15,6,2,17,16,253027,550,558,1,16,520,520
15,6,2,18,16,255075,846,615,0,18,2048,2048
15,6,2,19,17,255747,716,579,1,17,672,2720
15,6,2,20,18,256387,873,622,1,18,640,640
15,6,2,21,18,257868,851,480,0,20,1481,1481
15,6,2,22,19,258259,922,559,1,19,391,1872
15,6,2,23,20,258635,868,496,1,20,376,376
15,6,2,24,21,260179,740,484,1,21,1544,1544
15,6,2,25,22,260811,811,391,1,22,632,632
15,6,2,26,23,261868,899,361,1,23,1057,1057
15,6,2,27,24,262259,922,442,1,24,391,391
15,6,2,28,25,262868,990,471,1,25,609,609
15,6,2,29,26,263307,1013,507,1,26,439,439
15,7P,1,2,1,268651,727,366,1,1,1316,1316
15,7P,1,3,2,269139,796,300,1,2,488,488
15,7P,1,4,2,269699,637,302,0,4,560,560
15,7P,1,5,3,270371,751,477,1,3,672,1232
15,7P,1,6,4,271043,678,289,1,4,672,672
15,7,1,1,1,273019,450,245,1,1,1018,1018
15,7,1,2,2,273667,413,346,1,2,648,648
15,7,1,3,3,274371,616,427,1,3,704,704
15,7,1,4,4,275283,581,538,1,4,912,912
15,7,1,6,5,275844,493,515,1,5,561,561
15,7,1,7,6,276259,424,497,1,6,415,415
15,7,1,8,7,276868,444,549,1,7,609,609
15,7,1,9,8,277467,379,639,1,8,599,599
15,7,1,10,9,277932,530,626,1,9,465,465
15,7,1,11,10,278531,633,625,1,10,599,599
15,7,1,12,11,279419,680,592,1,11,888,888
15,7,1,13,12,279892,708,444,1,12,473,473
15,7,1,14,13,281011,874,521,1,13,1119,1119
15,7,1,15,14,281619,880,626,1,14,608,608
15,7,1,16,15,282059,936,607,1,15,440,440
15,7,1,17,16,282531,1019,602,1,16,472,472
15,7,1,18,17,283059,1001,449,1,17,528,528
15,7,1,19,18,283507,869,401,1,18,448,448
15,7,1,20,19,284011,871,343,1,19,504,504
15,7,1,21,20,284571,846,279,1,20,560,560
15,7,1,22,21,285283,844,130,1,21,712,712
15,7,1,23,22,286091,762,278,1,22,808,808
15,7,1,24,23,286475,716,229,1,23,384,384
15,7,1,25,24,287075,631,264,1,24,600,600
15,7,1,26,25,287819,506,239,1,25,744,744
15,7,1,27,26,288435,429,151,1,26,616,616
15,8P,2,1,1,293075,641,332,1,1,1076,1076
15,8P,2,2,2,293435,619,322,1,2,360,360
15,8P,2,3,3,294603,680,429,1,3,1168,1168
15,8P,2,4,4,294972,691,356,1,4,369,369
15,8,2,1,1,297099,856,590,1,1,1066,1066
15,8,2,2,2,297635,862,524,1,2,536,536
15,8,2,3,3,298075,909,407,1,3,440,440
15,8,2,4,4,298795,997,432,1,4,720,720
15,8,2,5,5,299699,989,275,1,5,904,904
15,8,2,6,6,300187,902,342,1,6,488,488
15,8,2,7,7,300683,784,384,1,7,496,496
15,8,2,8,7,301115,768,428,0,24,432,432
15,8,2,9,8,302715,694,254,1,8,1600,2032
15,8,2,10,9,303515,713,173,1,9,800,800
15,8,2,11,10,304267,595,218,1,10,752,752
15,8,2,12,11,305259,536,218,1,11,992,992
15,8,2,13,11,306299,419,298,0,14,1040,1040
15,8,2,14,12,307483,379,127,1,12,1184,2224
15,8,2,15,13,308443,394,211,1,13,960,960
15,8,2,16,14,309972,415,312,1,14,1529,1529
15,8,2,17,15,311787,356,392,1,15,1815,1815
15,8,2,18,16,312267,386,472,1,16,480,480
15,8,2,19,17,313603,372,530,1,17,1336,1336
15,8,2,20,18,314107,404,611,1,18,504,504
15,8,2,21,19,314852,444,587,1,19,745,745
15,8,2,22,20,315731,586,544,1,20,879,879
15,8,2,23,21,316323,556,405,1,21,592,592
15,8,2,24,22,316771,578,377,1,22,448,448
15,8,2,25,23,317411,600,324,1,23,640,640
15,8,2,26,24,317972,765,442,1,24,561,561
15,8,2,27,25,318411,685,482,1,25,439,439
15,8,2,28,26,318876,763,552,1,26,465,465
15,9P,1,1,1,320547,693,469,1,1,1190,1190
15,9P,1,2,2,320972,767,435,1,2,425,425
15,9P,1,3,2,321443,790,315,0,4,471,471
15,9P,1,5,3,322203,587,291,1,3,760,1231
15,9P,1,6,4,322908,768,319,1,4,705,705
15,9,1,1,1,325323,378,390,1,1,898,898
15,9,1,2,2,326019,404,266,1,2,696,696
15,9,1,3,3,326403,437,223,1,3,384,384
15,9,1,4,4,327675,612,311,1,4,1272,1272
15,9,1,5,5,328315,719,334,1,5,640,640
15,9,1,6,6,328691,742,330,1,6,376,376
15,9,1,7,7,329411,621,255,1,7,720,720
15,9,1,8,8,329755,657,168,1,8,344,344
15,9,1,9,9,330355,823,169,1,9,600,600
15,9,1,10,10,330739,867,210,1,10,384,384
15,9,1,11,11,331315,965,194,1,11,576,576
15,9,1,12,12,331755,953,301,1,12,440,440
15,9,1,13,13,332451,1012,462,1,13,696,696
15,9,1,14,14,332819,920,465,1,14,368,368
15,9,1,15,15,333611,944,599,1,15,792,792
15,9,1,16,16,334147,820,529,1,16,536,536
15,9,1,17,17,335275,620,595,1,17,1128,1128
15,9,1,18,18,335908,506,619,1,18,633,633
15,9,1,19,19,336531,446,572,1,19,623,623
15,9,1,20,20,337059,498,477,1,20,528,528
15,9,1,21,21,337467,620,473,1,21,408,408
15,9,1,22,22,338051,548,409,1,22,584,584
15,9,1,23,23,338563,491,353,1,23,512,512
15,9,1,24,24,338924,447,444,1,24,361,361
15,9,1,25,25,339275,378,469,1,25,351,351
15,9,1,26,26,339547,333,538,1,26,272,272
15,10P,2,1,1,341403,601,297,1,1,1230,1230
15,10P,2,2,2,342203,735,411,1,2,800,800
15,10P,2,3,3,342571,708,307,1,3,368,368
15,10P,2,5,4,343227,802,347,1,4,656,656
15,10,2,1,1,345587,357,623,1,1,1034,1034
15,10,2,2,2,345884,364,554,1,2,297,297
15,10,2,3,3,346347,378,508,1,3,463,463
15,10,2,4,4,347203,583,496,1,4,856,856
15,10,2,5,4,348003,709,416,0,6,800,800
15,10,2,6,5,349347,715,471,1,5,1344,2144
15,10,2,7,6,350195,702,430,1,6,848,848
15,10,2,8,7,351187,580,352,1,7,992,992
15,10,2,9,7,352475,422,235,0,10,1288,1288
15,10,2,10,7,353027,334,225,0,9,552,1840
15,10,2,11,8,354307,377,351,1,8,1280,3120
15,10,2,12,8,355059,425,259,0,10,752,752
15,10,2,15,8,356203,430,232,0,10,1144,1896
15,10,2,16,8,356419,430,233,0,10,216,2112
15,10,2,17,9,357235,348,241,1,9,816,2928
15,10,2,18,10,358043,429,262,1,10,808,808
15,10,2,19,10,359379,638,271,0,12,1336,1336
15,10,2,20,11,359819,608,167,1,11,440,1776
15,10,2,21,12,360379,651,280,1,12,560,560
15,10,2,22,12,362003,779,306,0,14,1624,1624
15,10,2,23,13,362379,721,242,1,13,376,2000
15,10,2,24,14,362980,780,296,1,14,601,601
15,10,2,25,15,363884,819,292,1,15,904,904
15,10,2,26,16,364771,809,144,1,16,887,887
15,10,2,27,17,365187,857,194,1,17,416,416
15,10,2,28,18,365699,911,196,1,18,512,512
15,10,2,29,19,366355,975,149,1,19,656,656
15,10,2,30,20,367027,901,378,1,20,672,672
15,10,2,31,21,367635,988,436,1,21,608,608
15,10,2,32,22,368307,1015,566,1,22,672,672
15,10,2,33,23,368755,957,548,1,23,448,448
15,10,2,34,24,369395,849,549,1,24,640,640
15,10,2,35,25,369836,759,575,1,25,441,441
15,10,2,36,26,370251,686,571,1,26,415,415
