subnum,trial,type,clicks,hits,clicktime,posx,posy,corr,id,rt,rt2
19,1P,1,1,1,44184,604,477,1,1,2854,2854
19,1P,1,2,2,45752,709,316,1,2,1568,1568
19,1P,1,3,3,63641,628,369,1,3,17889,17889
19,1P,1,4,4,64784,729,394,1,4,1143,1143
19,1,1,1,1,73664,964,292,1,1,1926,1926
19,1,1,2,2,74400,1044,190,1,2,736,736
19,1,1,4,3,75681,995,129,1,3,1281,1281
19,1,1,5,4,76496,903,249,1,4,815,815
19,1,1,6,5,77144,783,149,1,5,648,648
19,1,1,8,6,78328,804,258,1,6,1184,1184
19,1,1,9,7,80896,755,374,1,7,2568,2568
19,1,1,10,8,81336,725,322,1,8,440,440
19,1,1,11,9,82056,653,359,1,9,720,720
19,1,1,12,10,82752,600,295,1,10,696,696
19,1,1,13,11,83400,536,231,1,11,648,648
19,1,1,14,12,84016,476,216,1,12,616,616
19,1,1,15,13,84560,410,190,1,13,544,544
19,1,1,16,14,84984,400,256,1,14,424,424
19,1,1,17,15,86256,438,356,1,15,1272,1272
19,1,1,18,16,87104,451,449,1,16,848,848
19,1,1,19,17,88552,547,490,1,17,1448,1448
19,1,1,20,18,89288,528,559,1,18,736,736
19,1,1,21,19,90224,340,592,1,19,936,936
19,1,1,22,20,91184,527,605,1,20,960,960
19,1,1,23,21,92032,606,596,1,21,848,848
19,1,1,25,22,93536,722,570,1,22,1504,1504
19,1,1,26,23,94304,707,504,1,23,768,768
19,1,1,27,24,95312,839,519,1,24,1008,1008
19,1,1,28,25,96304,982,586,1,25,992,992
19,1,1,29,26,97064,1008,525,1,26,760,760
19,2P,2,1,1,113328,668,323,1,1,1452,1452
19,2P,2,2,1,114832,695,377,0,3,1504,1504
19,2P,2,3,1,116136,693,392,0,3,1304,2808
19,2P,2,4,2,117648,578,386,1,2,1512,4320
19,2P,2,5,2,118872,731,332,0,4,1224,1224
19,2P,2,6,2,119400,749,337,0,4,528,1752
19,2P,2,7,3,120480,710,381,1,3,1080,2832
19,2P,2,8,4,121216,737,332,1,4,736,736
19,2,2,1,1,132008,949,323,1,1,1354,1354
19,2,2,2,2,133728,855,314,1,2,1720,1720
19,2,2,3,3,135384,897,221,1,3,1656,1656
19,2,2,4,4,136152,748,143,1,4,768,768
19,2,2,5,5,138440,757,264,1,5,2288,2288
19,2,2,6,5,142304,626,336,0,8,3864,3864
19,2,2,7,5,142960,632,328,0,8,656,4520
19,2,2,8,5,144080,633,334,0,8,1120,5640
19,2,2,9,5,145184,684,381,0,7,1104,6744
19,2,2,10,5,145568,693,397,0,7,384,7128
19,2,2,11,5,153312,629,335,0,8,7744,14872
19,2,2,12,5,153936,629,335,0,8,624,15496
19,2,2,13,5,154888,699,372,0,7,952,16448
19,2,2,14,5,155273,698,386,0,7,385,16833
19,2,2,15,6,155992,769,373,1,6,719,17552
19,2,2,16,7,160184,709,385,1,7,4192,4192
19,2,2,17,8,161264,626,344,1,8,1080,1080
19,2,2,18,9,163480,590,259,1,9,2216,2216
19,2,2,19,10,166992,473,248,1,10,3512,3512
19,2,2,20,11,170736,462,136,1,11,3744,3744
19,2,2,21,12,171520,339,236,1,12,784,784
19,2,2,22,13,174752,377,308,1,13,3232,3232
19,2,2,23,14,176984,334,412,1,14,2232,2232
19,2,2,25,15,180039,340,511,1,15,3055,3055
19,2,2,26,16,180943,483,447,1,16,904,904
19,2,2,27,17,182184,527,392,1,17,1241,1241
19,2,2,28,18,183952,769,491,1,18,1768,1768
19,2,2,29,19,186704,813,402,1,19,2752,2752
19,2,2,30,20,187383,861,442,1,20,679,679
19,2,2,31,20,189343,1025,569,0,22,1960,1960
19,2,2,32,21,190936,848,563,1,21,1593,3553
19,2,2,33,22,191919,1001,576,1,22,983,983
19,2,2,34,23,193463,981,508,1,23,1544,1544
19,2,2,35,24,194391,1004,460,1,24,928,928
19,2,2,36,25,196336,1027,349,1,25,1945,1945
19,2,2,37,26,197143,1031,264,1,26,807,807
19,3P,1,1,0,209823,614,348,0,2,2646,2646
19,3P,1,2,1,210935,790,284,1,1,1112,3758
19,3P,1,3,2,211599,622,352,1,2,664,664
19,3P,1,4,3,213159,621,411,1,3,1560,1560
19,3P,1,5,4,214087,759,354,1,4,928,928
19,3,1,1,0,224631,756,270,0,2,2593,2593
19,3,1,2,1,226152,715,160,1,1,1521,4114
19,3,1,3,2,227095,780,280,1,2,943,943
19,3,1,4,3,228671,918,176,1,3,1576,1576
19,3,1,5,4,229455,978,183,1,4,784,784
19,3,1,6,5,232615,919,313,1,5,3160,3160
19,3,1,7,6,233279,1001,311,1,6,664,664
19,3,1,8,7,233783,1010,366,1,7,504,504
19,3,1,9,8,234543,965,401,1,8,760,760
19,3,1,10,9,235199,1002,445,1,9,656,656
19,3,1,11,10,236255,974,551,1,10,1056,1056
19,3,1,12,11,236967,793,620,1,11,712,712
19,3,1,13,12,238007,877,532,1,12,1040,1040
19,3,1,15,13,239207,886,427,1,13,1200,1200
19,3,1,16,14,240327,771,365,1,14,1120,1120
19,3,1,17,15,240983,740,399,1,15,656,656
19,3,1,18,16,242039,650,481,1,16,1056,1056
19,3,1,19,17,243727,520,430,1,17,1688,1688
19,3,1,20,18,244407,561,528,1,18,680,680
19,3,1,21,19,245103,518,578,1,19,696,696
19,3,1,22,20,245799,345,551,1,20,696,696
19,3,1,23,21,246655,333,410,1,21,856,856
19,3,1,24,21,247791,544,321,0,23,1136,1136
19,3,1,26,22,249752,363,217,1,22,1961,3097
19,3,1,27,23,250711,542,309,1,23,959,959
19,3,1,28,24,251807,495,227,1,24,1096,1096
19,3,1,29,25,252687,504,138,1,25,880,880
19,3,1,30,26,253471,640,174,1,26,784,784
19,4P,2,1,1,256759,686,456,1,1,1429,1429
19,4P,2,2,2,259151,775,438,1,2,2392,2392
19,4P,2,3,3,260703,725,286,1,3,1552,1552
19,4P,2,4,4,261343,657,312,1,4,640,640
19,4,2,1,1,266671,408,299,1,1,1087,1087
19,4,2,2,2,267719,344,188,1,2,1048,1048
19,4,2,3,3,268799,349,132,1,3,1080,1080
19,4,2,4,4,269439,473,243,1,4,640,640
19,4,2,5,5,270447,562,155,1,5,1008,1008
19,4,2,6,5,271559,625,354,0,7,1112,1112
19,4,2,7,6,272847,571,250,1,6,1288,2400
19,4,2,8,7,273663,612,359,1,7,816,816
19,4,2,9,8,274359,667,322,1,8,696,696
19,4,2,10,9,275295,692,376,1,9,936,936
19,4,2,11,10,276071,760,297,1,10,776,776
19,4,2,12,11,277799,829,249,1,11,1728,1728
19,4,2,13,12,278903,921,225,1,12,1104,1104
19,4,2,14,13,280023,956,193,1,13,1120,1120
19,4,2,15,13,281527,944,339,0,15,1504,1504
19,4,2,16,14,282151,969,289,1,14,624,2128
19,4,2,17,15,282695,937,345,1,15,544,544
19,4,2,18,16,283703,918,435,1,16,1008,1008
19,4,2,19,17,284903,825,488,1,17,1200,1200
19,4,2,20,18,285887,833,565,1,18,984,984
19,4,2,21,19,287951,1030,614,1,19,2064,2064
19,4,2,22,20,288743,827,615,1,20,792,792
19,4,2,23,21,290271,765,590,1,21,1528,1528
19,4,2,24,22,291135,666,566,1,22,864,864
19,4,2,25,23,292279,661,509,1,23,1144,1144
19,4,2,26,24,293231,507,497,1,24,952,952
19,4,2,27,25,295200,395,572,1,25,1969,1969
19,4,2,28,26,295743,348,528,1,26,543,543
19,5P,1,1,1,298623,641,291,1,1,1821,1821
19,5P,1,2,2,299535,737,431,1,2,912,912
19,5P,1,3,3,302471,617,394,1,3,2936,2936
19,5P,1,4,4,303295,746,381,1,4,824,824
19,5,1,1,1,306479,431,591,1,1,2004,2004
19,5,1,2,2,307607,559,447,1,2,1128,1128
19,5,1,3,3,308695,653,512,1,3,1088,1088
19,5,1,4,4,309271,655,578,1,4,576,576
19,5,1,5,5,309735,698,601,1,5,464,464
19,5,1,6,6,310519,779,541,1,6,784,784
19,5,1,7,7,311775,896,553,1,7,1256,1256
19,5,1,8,8,312535,954,641,1,8,760,760
19,5,1,9,9,313407,962,513,1,9,872,872
19,5,1,11,10,314767,1026,436,1,10,1360,1360
19,5,1,12,11,315767,855,463,1,11,1000,1000
19,5,1,13,12,316583,886,417,1,12,816,816
19,5,1,14,13,317455,928,319,1,13,872,872
19,5,1,15,14,318727,940,196,1,14,1272,1272
19,5,1,16,15,319439,874,231,1,15,712,712
19,5,1,17,16,321407,729,275,1,16,1968,1968
19,5,1,18,17,322207,767,347,1,17,800,800
19,5,1,19,18,322919,631,354,1,18,712,712
19,5,1,20,19,323383,633,294,1,19,464,464
19,5,1,21,20,324615,697,198,1,20,1232,1232
19,5,1,22,21,325367,568,153,1,21,752,752
19,5,1,23,22,326015,429,177,1,22,648,648
19,5,1,24,23,326751,492,250,1,23,736,736
19,5,1,25,24,327639,423,338,1,24,888,888
19,5,1,26,25,328455,508,388,1,25,816,816
19,5,1,27,26,329639,414,443,1,26,1184,1184
19,6P,2,1,1,335967,675,408,1,1,1823,1823
19,6P,2,2,1,336839,583,395,0,4,872,872
19,6P,2,3,2,339095,690,319,1,2,2256,3128
19,6P,2,4,3,340919,797,366,1,3,1824,1824
19,6P,2,5,4,341615,609,396,1,4,696,696
19,6,2,1,1,346615,906,599,1,1,1806,1806
19,6,2,2,1,347855,727,570,0,4,1240,1240
19,6,2,3,2,350207,812,453,1,2,2352,3592
19,6,2,4,3,350951,731,511,1,3,744,744
19,6,2,5,4,351703,718,565,1,4,752,752
19,6,2,6,5,352734,679,597,1,5,1031,1031
19,6,2,7,6,353623,586,537,1,6,889,889
19,6,2,8,7,355631,481,555,1,7,2008,2008
19,6,2,9,8,356383,426,615,1,8,752,752
19,6,2,10,9,357519,399,506,1,9,1136,1136
19,6,2,11,10,360766,342,435,1,10,3247,3247
19,6,2,12,11,361727,519,461,1,11,961,961
19,6,2,13,12,362390,471,441,1,12,663,663
19,6,2,14,13,363863,448,311,1,13,1473,1473
19,6,2,15,14,366214,414,199,1,14,2351,2351
19,6,2,16,15,367463,508,240,1,15,1249,1249
19,6,2,17,16,368270,630,265,1,16,807,807
19,6,2,18,17,369310,603,358,1,17,1040,1040
19,6,2,19,18,370334,735,356,1,18,1024,1024
19,6,2,20,19,371038,735,291,1,19,704,704
19,6,2,21,20,372238,677,188,1,20,1200,1200
19,6,2,22,21,373047,779,160,1,21,809,809
19,6,2,23,22,374182,932,189,1,22,1135,1135
19,6,2,24,23,375014,877,263,1,23,832,832
19,6,2,25,24,376726,934,333,1,24,1712,1712
19,6,2,26,25,377582,880,363,1,25,856,856
19,6,2,27,26,378855,969,436,1,26,1273,1273
19,7P,1,1,1,381958,680,385,1,1,1974,1974
19,7P,1,2,2,382558,617,394,1,2,600,600
19,7P,1,4,3,384838,728,438,1,3,2280,2280
19,7P,1,5,4,385414,768,330,1,4,576,576
19,7,1,1,1,387598,856,394,1,1,981,981
19,7,1,2,2,388543,797,331,1,2,945,945
19,7,1,3,3,389230,747,336,1,3,687,687
19,7,1,5,4,390318,775,417,1,4,1088,1088
19,7,1,6,5,390991,721,514,1,5,673,673
19,7,1,7,6,391758,711,579,1,6,767,767
19,7,1,8,7,392494,613,604,1,7,736,736
19,7,1,9,8,393134,568,517,1,8,640,640
19,7,1,10,9,394062,511,490,1,9,928,928
19,7,1,11,10,395494,397,558,1,10,1432,1432
19,7,1,12,11,396567,372,625,1,11,1073,1073
19,7,1,13,12,397374,361,506,1,12,807,807
19,7,1,14,13,398182,320,376,1,13,808,808
19,7,1,15,14,398822,455,393,1,14,640,640
19,7,1,16,15,399710,552,405,1,15,888,888
19,7,1,17,16,401430,595,315,1,16,1720,1720
19,7,1,18,17,402286,508,296,1,17,856,856
19,7,1,19,18,403454,549,165,1,18,1168,1168
19,7,1,20,19,404095,626,170,1,19,641,641
19,7,1,22,20,405182,738,208,1,20,1087,1087
19,7,1,23,21,405806,794,200,1,21,624,624
19,7,1,24,22,406582,927,164,1,22,776,776
19,7,1,26,23,408654,1038,194,1,23,2072,2072
19,7,1,27,24,409190,907,299,1,24,536,536
19,7,1,28,25,410062,953,440,1,25,872,872
19,7,1,29,26,410838,993,506,1,26,776,776
19,8P,2,1,1,414102,601,406,1,1,2421,2421
19,8P,2,2,2,414678,762,396,1,2,576,576
19,8P,2,3,3,415942,709,426,1,3,1264,1264
19,8P,2,4,4,416398,735,300,1,4,456,456
19,8,2,1,1,421511,666,159,1,1,2294,2294
19,8,2,2,2,423278,604,274,1,2,1767,1767
19,8,2,3,3,424030,443,180,1,3,752,752
19,8,2,4,4,424614,386,186,1,4,584,584
19,8,2,5,5,426862,448,299,1,5,2248,2248
19,8,2,6,6,427862,362,303,1,6,1000,1000
19,8,2,7,7,428494,349,362,1,7,632,632
19,8,2,8,8,429174,412,405,1,8,680,680
19,8,2,9,9,430502,371,458,1,9,1328,1328
19,8,2,11,9,434094,471,520,0,12,3592,3592
19,8,2,12,10,434686,400,542,1,10,592,4184
19,8,2,13,11,437470,566,609,1,11,2784,2784
19,8,2,14,12,438214,491,535,1,12,744,744
19,8,2,15,13,438854,474,452,1,13,640,640
19,8,2,16,14,440118,586,347,1,14,1264,1264
19,8,2,17,15,440774,643,380,1,15,656,656
19,8,2,18,16,441598,693,482,1,16,824,824
19,8,2,19,17,442974,829,444,1,17,1376,1376
19,8,2,20,18,444342,810,535,1,18,1368,1368
19,8,2,21,19,445070,855,565,1,19,728,728
19,8,2,22,20,446742,1020,557,1,20,1672,1672
19,8,2,23,21,447598,1033,404,1,21,856,856
19,8,2,24,22,450150,1024,223,1,22,2552,2552
19,8,2,25,23,452294,838,310,1,23,2144,2144
19,8,2,26,24,452894,869,234,1,24,600,600
19,8,2,27,25,453438,854,137,1,25,544,544
19,8,2,29,26,455334,729,177,1,26,1896,1896
19,9P,1,2,1,458830,712,288,1,1,2541,2541
19,9P,1,3,2,459558,773,283,1,2,728,728
19,9P,1,4,2,460334,703,353,0,4,776,776
19,9P,1,5,3,461710,679,398,1,3,1376,2152
19,9P,1,6,4,462222,698,343,1,4,512,512
19,9,1,1,1,470566,424,332,1,1,1318,1318
19,9,1,2,2,471406,507,333,1,2,840,840
19,9,1,3,3,473230,481,218,1,3,1824,1824
19,9,1,4,4,474862,595,152,1,4,1632,1632
19,9,1,5,5,475966,615,267,1,5,1104,1104
19,9,1,7,6,477222,595,352,1,6,1256,1256
19,9,1,8,7,479070,651,389,1,7,1848,1848
19,9,1,9,8,479782,722,338,1,8,712,712
19,9,1,10,9,480382,797,270,1,9,600,600
19,9,1,11,10,481486,881,260,1,10,1104,1104
19,9,1,13,11,482686,906,115,1,11,1200,1200
19,9,1,14,12,483702,1027,268,1,12,1016,1016
19,9,1,15,13,484302,995,317,1,13,600,600
19,9,1,16,14,485646,1024,433,1,14,1344,1344
19,9,1,17,15,486078,1016,528,1,15,432,432
19,9,1,20,16,488014,870,434,1,16,1936,1936
19,9,1,22,17,489454,851,388,1,17,1440,1440
19,9,1,23,18,490582,617,491,1,18,1128,1128
19,9,1,24,18,491518,527,593,0,21,936,936
19,9,1,25,19,492710,568,403,1,19,1192,2128
19,9,1,26,20,493526,520,441,1,20,816,816
19,9,1,27,21,494774,528,562,1,21,1248,1248
19,9,1,29,22,496510,357,593,1,22,1736,1736
19,9,1,30,23,497502,402,497,1,23,992,992
19,9,1,31,24,498190,352,461,1,24,688,688
19,9,1,32,25,500382,343,353,1,25,2192,2192
19,9,1,33,26,501830,332,274,1,26,1448,1448
19,10P,2,1,1,509470,702,322,1,1,1030,1030
19,10P,2,2,2,510894,654,459,1,2,1424,1424
19,10P,2,3,3,511374,701,382,1,3,480,480
19,10P,2,4,4,511942,767,479,1,4,568,568
19,10,2,1,1,521502,500,406,1,1,1332,1332
19,10,2,2,2,524126,568,352,1,2,2624,2624
19,10,2,3,3,524718,634,349,1,3,592,592
19,10,2,4,4,525534,593,406,1,4,816,816
19,10,2,6,5,527317,651,506,1,5,1783,1783
19,10,2,7,6,528334,656,585,1,6,1017,1017
19,10,2,8,7,529245,755,606,1,7,911,911
19,10,2,9,8,529973,796,536,1,8,728,728
19,10,2,10,9,530878,874,496,1,9,905,905
19,10,2,11,9,532789,996,508,0,12,1911,1911
19,10,2,12,10,533477,978,571,1,10,688,2599
19,10,2,13,11,537238,1002,627,1,11,3761,3761
19,10,2,14,12,537814,999,520,1,12,576,576
19,10,2,15,13,539701,1036,389,1,13,1887,1887
19,10,2,16,14,541054,886,383,1,14,1353,1353
19,10,2,17,15,541877,820,395,1,15,823,823
19,10,2,18,16,542613,771,306,1,16,736,736
19,10,2,19,17,543493,858,305,1,17,880,880
19,10,2,20,18,544637,818,156,1,18,1144,1144
19,10,2,21,19,545422,738,184,1,19,785,785
19,10,2,22,20,546301,618,188,1,20,879,879
19,10,2,23,21,547397,579,187,1,21,1096,1096
19,10,2,24,22,548557,445,146,1,22,1160,1160
19,10,2,25,23,549822,346,190,1,23,1265,1265
19,10,2,26,24,550686,470,284,1,24,864,864
19,10,2,27,25,551989,418,431,1,25,1303,1303
19,10,2,28,26,552845,370,511,1,26,856,856
