subnum,trial,type,clicks,hits,clicktime,posx,posy,corr,id,rt,rt2
13,1P,1,1,1,37491,579,399,1,1,32021,32021
13,1P,1,2,2,37988,666,431,1,2,497,497
13,1P,1,3,3,38788,782,346,1,3,800,800
13,1P,1,4,4,39564,636,364,1,4,776,776
13,1,1,1,1,44227,528,298,1,1,2794,2794
13,1,1,2,2,44868,485,150,1,2,641,641
13,1,1,3,3,45548,622,179,1,3,680,680
13,1,1,4,4,46123,739,178,1,4,575,575
13,1,1,6,4,50011,500,294,0,1,3888,3888
13,1,1,7,5,52724,858,139,1,5,2713,6601
13,1,1,8,6,53796,905,169,1,6,1072,1072
13,1,1,9,7,54139,872,224,1,7,343,343
13,1,1,10,8,54732,958,222,1,8,593,593
13,1,1,11,9,55299,952,318,1,9,567,567
13,1,1,13,10,56588,843,338,1,10,1289,1289
13,1,1,14,11,57019,754,386,1,11,431,431
13,1,1,15,12,57291,824,405,1,12,272,272
13,1,1,17,13,58780,921,497,1,13,1489,1489
13,1,1,18,14,60403,1007,570,1,14,1623,1623
13,1,1,19,15,61628,793,624,1,15,1225,1225
13,1,1,21,16,62524,702,626,1,16,896,896
13,1,1,22,17,63283,721,572,1,17,759,759
13,1,1,23,18,63700,688,449,1,18,417,417
13,1,1,24,19,64155,648,515,1,19,455,455
13,1,1,25,20,65363,514,552,1,20,1208,1208
13,1,1,27,21,66067,460,473,1,21,704,704
13,1,1,28,22,66948,466,357,1,22,881,881
13,1,1,29,23,67403,401,276,1,23,455,455
13,1,1,30,24,67892,353,355,1,24,489,489
13,1,1,32,25,69003,538,423,1,25,1111,1111
13,1,1,33,26,69395,576,365,1,26,392,392
13,2P,2,1,1,72139,619,376,1,1,1251,1251
13,2P,2,2,2,73852,733,478,1,2,1713,1713
13,2P,2,3,3,74564,621,443,1,3,712,712
13,2P,2,4,4,75283,726,288,1,4,719,719
13,2,2,1,1,79203,381,232,1,1,1464,1464
13,2,2,2,2,80139,431,169,1,2,936,936
13,2,2,3,3,80588,437,230,1,3,449,449
13,2,2,4,4,81499,540,298,1,4,911,911
13,2,2,5,5,82211,628,233,1,5,712,712
13,2,2,6,6,82940,777,173,1,6,729,729
13,2,2,7,7,83467,839,302,1,7,527,527
13,2,2,8,8,84083,951,202,1,8,616,616
13,2,2,9,9,84507,983,177,1,9,424,424
13,2,2,10,10,84748,1002,230,1,10,241,241
13,2,2,12,11,86892,999,302,1,11,2144,2144
13,2,2,13,12,87435,912,405,1,12,543,543
13,2,2,14,13,87924,840,396,1,13,489,489
13,2,2,15,14,88379,862,471,1,14,455,455
13,2,2,16,15,88860,882,503,1,15,481,481
13,2,2,18,16,89804,918,562,1,16,944,944
13,2,2,19,17,90403,757,640,1,17,599,599
13,2,2,20,18,90780,689,637,1,18,377,377
13,2,2,22,19,91732,623,610,1,19,952,952
13,2,2,23,20,92187,616,463,1,20,455,455
13,2,2,25,21,93475,505,554,1,21,1288,1288
13,2,2,26,22,94091,414,651,1,22,616,616
13,2,2,27,23,96387,343,586,1,23,2296,2296
13,2,2,28,24,96900,393,478,1,24,513,513
13,2,2,29,25,97331,452,423,1,25,431,431
13,2,2,30,26,97860,390,358,1,26,529,529
13,3P,1,1,1,105860,702,359,1,1,1028,1028
13,3P,1,2,2,106620,633,289,1,2,760,760
13,3P,1,4,2,107275,604,455,0,4,655,655
13,3P,1,5,3,107836,685,437,1,3,561,1216
13,3P,1,6,4,108235,600,448,1,4,399,399
13,3,1,1,1,110491,787,335,1,1,1147,1147
13,3,1,2,2,111187,786,172,1,2,696,696
13,3,1,4,3,112307,669,238,1,3,1120,1120
13,3,1,5,4,113091,540,141,1,4,784,784
13,3,1,6,5,113596,507,270,1,5,505,505
13,3,1,7,6,114051,564,330,1,6,455,455
13,3,1,8,7,114540,467,414,1,7,489,489
13,3,1,9,8,115251,411,274,1,8,711,711
13,3,1,10,9,115924,325,227,1,9,673,673
13,3,1,11,10,116283,332,306,1,10,359,359
13,3,1,13,11,117011,409,376,1,11,728,728
13,3,1,14,12,117588,377,498,1,12,577,577
13,3,1,15,13,118243,562,502,1,13,655,655
13,3,1,17,14,119019,603,572,1,14,776,776
13,3,1,18,15,119580,650,507,1,15,561,561
13,3,1,20,16,120291,680,555,1,16,711,711
13,3,1,22,17,121532,844,563,1,17,1241,1241
13,3,1,23,18,121948,841,499,1,18,416,416
13,3,1,24,19,122331,895,444,1,19,383,383
13,3,1,26,20,123155,895,542,1,20,824,824
13,3,1,28,21,124275,947,620,1,21,1120,1120
13,3,1,29,22,124724,1034,538,1,22,449,449
13,3,1,30,23,125363,956,366,1,23,639,639
13,3,1,31,24,125828,979,285,1,24,465,465
13,3,1,33,25,126548,875,332,1,25,720,720
13,3,1,35,26,127211,761,407,1,26,663,663
13,4P,2,1,1,132291,723,328,1,1,739,739
13,4P,2,3,2,132908,774,359,1,2,617,617
13,4P,2,4,3,133660,607,423,1,3,752,752
13,4P,2,6,4,134299,582,337,1,4,639,639
13,4,2,1,1,139948,1003,282,1,1,1594,1594
13,4,2,2,2,140387,941,215,1,2,439,439
13,4,2,3,3,140764,968,193,1,3,377,377
13,4,2,4,4,141427,824,146,1,4,663,663
13,4,2,5,5,142387,851,308,1,5,960,960
13,4,2,6,6,142916,796,366,1,6,529,529
13,4,2,7,7,143315,741,351,1,7,399,399
13,4,2,8,8,143724,649,277,1,8,409,409
13,4,2,9,9,144403,571,136,1,9,679,679
13,4,2,10,10,145067,478,306,1,10,664,664
13,4,2,11,11,146507,520,393,1,11,1440,1440
13,4,2,12,12,149892,428,497,1,12,3385,3385
13,4,2,13,12,150948,523,505,0,15,1056,1056
13,4,2,14,12,151516,507,557,0,14,568,1624
13,4,2,15,12,152491,542,510,0,15,975,2599
13,4,2,16,12,153251,530,503,0,15,760,3359
13,4,2,17,12,153668,530,503,0,15,417,3776
13,4,2,18,13,155692,454,629,1,13,2024,5800
13,4,2,19,14,157716,500,561,1,14,2024,2024
13,4,2,20,15,158107,526,507,1,15,391,391
13,4,2,21,16,158828,619,451,1,16,721,721
13,4,2,22,17,159411,653,538,1,17,583,583
13,4,2,23,18,159852,687,560,1,18,441,441
13,4,2,24,19,160371,696,625,1,19,519,519
13,4,2,25,20,161043,840,531,1,20,672,672
13,4,2,26,20,162860,859,450,0,25,1817,1817
13,4,2,27,21,164988,913,609,1,21,2128,3945
13,4,2,28,21,165524,933,497,0,24,536,536
13,4,2,29,21,166019,926,493,0,24,495,1031
13,4,2,30,22,167051,985,502,1,22,1032,2063
13,4,2,31,23,169315,1018,413,1,23,2264,2264
13,4,2,32,24,169700,920,485,1,24,385,385
13,4,2,33,25,170572,844,440,1,25,872,872
13,4,2,34,26,171267,916,363,1,26,695,695
13,5P,1,2,1,174003,734,290,1,1,1443,1443
13,5P,1,3,2,174491,709,372,1,2,488,488
13,5P,1,4,3,175596,627,385,1,3,1105,1105
13,5P,1,5,4,175956,763,320,1,4,360,360
13,5,1,1,1,183147,672,319,1,1,1232,1232
13,5,1,2,2,183636,574,285,1,2,489,489
13,5,1,5,3,184716,518,245,1,3,1080,1080
13,5,1,6,4,185075,470,267,1,4,359,359
13,5,1,7,5,185532,413,261,1,5,457,457
13,5,1,8,6,185948,359,186,1,6,416,416
13,5,1,9,7,186355,381,364,1,7,407,407
13,5,1,10,8,186700,399,440,1,8,345,345
13,5,1,11,9,187315,405,565,1,9,615,615
13,5,1,12,10,187908,498,619,1,10,593,593
13,5,1,13,11,188235,527,562,1,11,327,327
13,5,1,14,11,188812,567,516,0,13,577,577
13,5,1,15,12,189163,626,602,1,12,351,928
13,5,1,16,13,189676,548,494,1,13,513,513
13,5,1,17,14,190075,479,509,1,14,399,399
13,5,1,19,15,190844,535,393,1,15,769,769
13,5,1,20,16,191524,759,362,1,16,680,680
13,5,1,22,17,192299,808,440,1,17,775,775
13,5,1,24,18,193291,903,603,1,18,992,992
13,5,1,25,19,193940,987,517,1,19,649,649
13,5,1,26,20,194796,1018,374,1,20,856,856
13,5,1,27,21,195540,889,308,1,21,744,744
13,5,1,28,22,196900,966,168,1,22,1360,1360
13,5,1,29,23,197211,914,142,1,23,311,311
13,5,1,30,24,197580,889,192,1,24,369,369
13,5,1,33,25,199491,798,161,1,25,1911,1911
13,5,1,34,26,200059,755,283,1,26,568,568
13,6P,2,2,1,202988,718,361,1,1,1671,1671
13,6P,2,3,2,203677,731,475,1,2,689,689
13,6P,2,4,3,204195,657,385,1,3,518,518
13,6P,2,6,4,204868,696,365,1,4,673,673
13,6,2,1,1,208692,574,324,1,1,1201,1201
13,6,2,2,2,209540,581,155,1,2,848,848
13,6,2,3,3,209948,673,232,1,3,408,408
13,6,2,4,4,210467,806,139,1,4,519,519
13,6,2,5,5,211171,858,269,1,5,704,704
13,6,2,8,6,212355,792,350,1,6,1184,1184
13,6,2,9,7,212932,892,375,1,7,577,577
13,6,2,10,8,213380,950,255,1,8,448,448
13,6,2,11,9,214019,1033,208,1,9,639,639
13,6,2,12,10,214356,1030,308,1,10,337,337
13,6,2,13,11,215060,959,381,1,11,704,704
13,6,2,14,12,215588,973,477,1,12,528,528
13,6,2,15,13,216219,793,516,1,13,631,631
13,6,2,16,14,216556,781,574,1,14,337,337
13,6,2,17,15,217083,711,502,1,15,527,527
13,6,2,18,16,217411,686,539,1,16,328,328
13,6,2,19,17,218828,509,545,1,17,1417,1417
13,6,2,20,18,219243,507,482,1,18,415,415
13,6,2,21,19,220564,506,460,1,19,1321,1321
13,6,2,22,19,221339,617,415,0,26,775,775
13,6,2,23,20,222636,456,528,1,20,1297,2072
13,6,2,24,21,223379,421,625,1,21,743,743
13,6,2,25,22,223964,345,532,1,22,585,585
13,6,2,28,23,225219,439,366,1,23,1255,1255
13,6,2,29,24,225732,372,277,1,24,513,513
13,6,2,30,25,226251,481,335,1,25,519,519
13,6,2,31,26,226724,622,398,1,26,473,473
13,7P,1,2,0,234323,613,315,0,2,2029,2029
13,7P,1,4,0,235772,618,313,0,2,1449,3478
13,7P,1,5,1,236820,769,446,1,1,1048,4526
13,7P,1,6,2,237564,620,331,1,2,744,744
13,7P,1,7,3,238147,702,287,1,3,583,583
13,7P,1,8,4,238756,771,380,1,4,609,609
13,7,1,1,1,242668,1007,241,1,1,1218,1218
13,7,1,2,2,243796,935,167,1,2,1128,1128
13,7,1,3,3,244116,936,207,1,3,320,320
13,7,1,4,4,244852,840,283,1,4,736,736
13,7,1,5,5,245316,711,227,1,5,464,464
13,7,1,6,6,245772,606,174,1,6,456,456
13,7,1,7,7,246411,544,303,1,7,639,639
13,7,1,9,8,247484,429,204,1,8,1073,1073
13,7,1,10,9,247844,371,168,1,9,360,360
13,7,1,11,10,248491,367,244,1,10,647,647
13,7,1,12,11,248868,365,310,1,11,377,377
13,7,1,13,12,249764,469,409,1,12,896,896
13,7,1,14,13,250108,506,376,1,13,344,344
13,7,1,15,14,250467,526,446,1,14,359,359
13,7,1,16,15,250820,485,513,1,15,353,353
13,7,1,17,16,251259,448,565,1,16,439,439
13,7,1,20,17,252772,606,623,1,17,1513,1513
13,7,1,21,18,253163,660,626,1,18,391,391
13,7,1,23,19,254379,757,606,1,19,1216,1216
13,7,1,24,20,254924,726,485,1,20,545,545
13,7,1,26,21,255844,864,565,1,21,920,920
13,7,1,27,22,256419,942,628,1,22,575,575
13,7,1,29,23,258196,1038,591,1,23,1777,1777
13,7,1,31,24,259155,982,482,1,24,959,959
13,7,1,33,25,260275,902,419,1,25,1120,1120
13,7,1,34,26,260885,986,354,1,26,610,610
13,8P,2,1,1,263556,650,366,1,1,868,868
13,8P,2,2,2,264371,568,301,1,2,815,815
13,8P,2,3,3,265147,769,397,1,3,776,776
13,8P,2,5,4,265788,632,434,1,4,641,641
13,8,2,1,1,269924,699,314,1,1,594,594
13,8,2,2,2,270323,773,293,1,2,399,399
13,8,2,3,3,271243,855,246,1,3,920,920
13,8,2,4,4,271516,883,276,1,4,273,273
13,8,2,5,5,272467,942,252,1,5,951,951
13,8,2,6,6,273123,1007,167,1,6,656,656
13,8,2,7,7,273996,967,359,1,7,873,873
13,8,2,8,8,274860,960,436,1,8,864,864
13,8,2,10,9,275956,987,572,1,9,1096,1096
13,8,2,11,10,276475,860,620,1,10,519,519
13,8,2,13,11,277115,836,552,1,11,640,640
13,8,2,15,11,278668,872,518,0,14,1553,1553
13,8,2,16,12,279251,723,609,1,12,583,2136
13,8,2,17,13,279716,783,498,1,13,465,465
13,8,2,18,14,280339,882,498,1,14,623,623
13,8,2,19,15,281123,855,382,1,15,784,784
13,8,2,20,16,281820,582,376,1,16,697,697
13,8,2,22,17,282572,571,451,1,17,752,752
13,8,2,23,18,283299,457,601,1,18,727,727
13,8,2,24,19,283916,342,517,1,19,617,617
13,8,2,25,20,284540,344,403,1,20,624,624
13,8,2,27,21,286115,476,298,1,21,1575,1575
13,8,2,28,21,286852,613,288,0,26,737,737
13,8,2,29,21,287716,484,209,0,24,864,1601
13,8,2,30,21,289051,510,206,0,24,1335,2936
13,8,2,31,21,289868,499,193,0,24,817,3753
13,8,2,32,22,290443,377,169,1,22,575,4328
13,8,2,33,23,291107,459,140,1,23,664,664
13,8,2,35,23,292051,626,292,0,26,944,944
13,8,2,36,24,292604,480,201,1,24,553,1497
13,8,2,37,25,293051,580,178,1,25,447,447
13,8,2,38,26,293748,602,285,1,26,697,697
13,9P,1,1,1,299964,622,369,1,1,1092,1092
13,9P,1,2,2,300772,763,383,1,2,808,808
13,9P,1,3,3,301475,663,311,1,3,703,703
13,9P,1,4,4,302043,743,406,1,4,568,568
13,9,1,1,1,309323,385,278,1,1,1121,1121
13,9,1,2,2,309892,413,221,1,2,569,569
13,9,1,3,3,310251,403,170,1,3,359,359
13,9,1,5,4,311083,542,139,1,4,832,832
13,9,1,6,5,311700,535,313,1,5,617,617
13,9,1,7,6,312171,585,360,1,6,471,471
13,9,1,8,7,312467,645,319,1,7,296,296
13,9,1,9,8,313235,719,291,1,8,768,768
13,9,1,10,9,313948,798,137,1,9,713,713
13,9,1,11,10,314708,874,301,1,10,760,760
13,9,1,12,11,315275,829,398,1,11,567,567
13,9,1,13,12,316251,921,483,1,12,976,976
13,9,1,14,13,317003,912,610,1,13,752,752
13,9,1,15,14,317524,868,554,1,14,521,521
13,9,1,16,15,317812,840,485,1,15,288,288
13,9,1,18,16,318772,751,448,1,16,960,960
13,9,1,20,17,319459,733,530,1,17,687,687
13,9,1,21,18,319852,689,552,1,18,393,393
13,9,1,22,19,320267,656,623,1,19,415,415
13,9,1,24,20,321243,563,522,1,20,976,976
13,9,1,25,21,321900,465,595,1,21,657,657
13,9,1,26,22,322339,349,486,1,22,439,439
13,9,1,27,23,322764,358,401,1,23,425,425
13,9,1,29,24,323491,460,473,1,24,727,727
13,9,1,30,25,323836,495,441,1,25,345,345
13,9,1,32,26,324532,449,367,1,26,696,696
13,10P,2,1,1,339516,622,459,1,1,861,861
13,10P,2,2,2,340051,781,324,1,2,535,535
13,10P,2,3,3,340507,742,429,1,3,456,456
13,10P,2,4,4,340844,654,346,1,4,337,337
13,10,2,1,1,343483,841,300,1,1,1266,1266
13,10,2,2,2,344155,855,149,1,2,672,672
13,10,2,3,3,344892,742,208,1,3,737,737
13,10,2,4,4,345676,611,175,1,4,784,784
13,10,2,5,5,346243,525,153,1,5,567,567
13,10,2,6,6,346668,438,161,1,6,425,425
13,10,2,7,7,347435,477,234,1,7,767,767
13,10,2,8,8,347748,447,237,1,8,313,313
13,10,2,9,9,348403,422,289,1,9,655,655
13,10,2,10,10,348772,530,324,1,10,369,369
13,10,2,11,10,350043,359,549,0,14,1271,1271
13,10,2,12,11,351259,611,397,1,11,1216,2487
13,10,2,13,12,351868,566,408,1,12,609,609
13,10,2,14,13,353067,462,492,1,13,1199,1199
13,10,2,15,14,353820,347,556,1,14,753,753
13,10,2,16,14,355532,651,579,0,17,1712,1712
13,10,2,17,15,356219,554,628,1,15,687,2399
13,10,2,18,16,357115,668,620,1,16,896,896
13,10,2,19,17,357516,649,577,1,17,401,401
13,10,2,21,18,358171,679,453,1,18,655,655
13,10,2,22,19,358645,722,541,1,19,474,474
13,10,2,23,20,360588,853,528,1,20,1943,1943
13,10,2,24,21,361604,876,475,1,21,1016,1016
13,10,2,25,21,362363,789,347,0,26,759,759
13,10,2,27,22,363684,923,356,1,22,1321,2080
13,10,2,28,23,365387,938,289,1,23,1703,1703
13,10,2,29,24,366059,1025,357,1,24,672,672
13,10,2,30,25,366900,824,423,1,25,841,841
13,10,2,31,26,367291,774,338,1,26,391,391
